时间,气压1mx,气压2mx,气压3mx,气压4mx,气压5mx,气压6mx,气压7mx,气压8mx
2053-9-1 23:08:02,48799,48800,48801,48802,48803,48804,48805,48806
2053-9-2 12:41:21,48800,48801,48802,48803,48804,48805,48806,48807
2053-9-3 2:14:41,48801,48802,48803,48804,48805,48806,48807,48808
2053-9-3 15:48:02,48802,48803,48804,48805,48806,48807,48808,48809
2053-9-4 5:21:24,48803,48804,48805,48806,48807,48808,48809,48810
2053-9-4 18:54:47,48804,48805,48806,48807,48808,48809,48810,48811
2053-9-5 8:28:11,48805,48806,48807,48808,48809,48810,48811,48812
2053-9-5 22:01:36,48806,48807,48808,48809,48810,48811,48812,48813
2053-9-6 11:35:02,48807,48808,48809,48810,48811,48812,48813,48814
2053-9-7 1:08:29,48808,48809,48810,48811,48812,48813,48814,48815
2053-9-7 14:41:57,48809,48810,48811,48812,48813,48814,48815,48816
2053-9-8 4:15:26,48810,48811,48812,48813,48814,48815,48816,48817
2053-9-8 17:48:56,48811,48812,48813,48814,48815,48816,48817,48818
2053-9-9 7:22:27,48812,48813,48814,48815,48816,48817,48818,48819
2053-9-9 20:55:59,48813,48814,48815,48816,48817,48818,48819,48820
2053-9-10 10:29:32,48814,48815,48816,48817,48818,48819,48820,48821
2053-9-11 0:03:06,48815,48816,48817,48818,48819,48820,48821,48822
2053-9-11 13:36:41,48816,48817,48818,48819,48820,48821,48822,48823
2053-9-12 3:10:17,48817,48818,48819,48820,48821,48822,48823,48824
2053-9-12 16:43:54,48818,48819,48820,48821,48822,48823,48824,48825
2053-9-13 6:17:32,48819,48820,48821,48822,48823,48824,48825,48826
2053-9-13 19:51:11,48820,48821,48822,48823,48824,48825,48826,48827
2053-9-14 9:24:51,48821,48822,48823,48824,48825,48826,48827,48828
2053-9-14 22:58:32,48822,48823,48824,48825,48826,48827,48828,48829
2053-9-15 12:32:14,48823,48824,48825,48826,48827,48828,48829,48830
2053-9-16 2:05:57,48824,48825,48826,48827,48828,48829,48830,48831
2053-9-16 15:39:41,48825,48826,48827,48828,48829,48830,48831,48832
2053-9-17 5:13:26,48826,48827,48828,48829,48830,48831,48832,48833
2053-9-17 18:47:12,48827,48828,48829,48830,48831,48832,48833,48834
2053-9-18 8:20:59,48828,48829,48830,48831,48832,48833,48834,48835
2053-9-18 21:54:47,48829,48830,48831,48832,48833,48834,48835,48836
2053-9-19 11:28:36,48830,48831,48832,48833,48834,48835,48836,48837
2053-9-20 1:02:26,48831,48832,48833,48834,48835,48836,48837,48838
2053-9-20 14:36:17,48832,48833,48834,48835,48836,48837,48838,48839
2053-9-21 4:10:09,48833,48834,48835,48836,48837,48838,48839,48840
2053-9-21 17:44:02,48834,48835,48836,48837,48838,48839,48840,48841
2053-9-22 7:17:56,48835,48836,48837,48838,48839,48840,48841,48842
2053-9-22 20:51:51,48836,48837,48838,48839,48840,48841,48842,48843
2053-9-23 10:25:47,48837,48838,48839,48840,48841,48842,48843,48844
2053-9-23 23:59:44,48838,48839,48840,48841,48842,48843,48844,48845
2053-9-24 13:33:42,48839,48840,48841,48842,48843,48844,48845,48846
2053-9-25 3:07:41,48840,48841,48842,48843,48844,48845,48846,48847
2053-9-25 16:41:41,48841,48842,48843,48844,48845,48846,48847,48848
2053-9-26 6:15:42,48842,48843,48844,48845,48846,48847,48848,48849
2053-9-26 19:49:44,48843,48844,48845,48846,48847,48848,48849,48850
2053-9-27 9:23:47,48844,48845,48846,48847,48848,48849,48850,48851
2053-9-27 22:57:51,48845,48846,48847,48848,48849,48850,48851,48852
2053-9-28 12:31:56,48846,48847,48848,48849,48850,48851,48852,48853
2053-9-29 2:06:02,48847,48848,48849,48850,48851,48852,48853,48854
2053-9-29 15:40:09,48848,48849,48850,48851,48852,48853,48854,48855
2053-9-30 5:14:17,48849,48850,48851,48852,48853,48854,48855,48856
2053-9-30 18:48:26,48850,48851,48852,48853,48854,48855,48856,48857
2053-10-1 8:22:36,48851,48852,48853,48854,48855,48856,48857,48858
2053-10-1 21:56:47,48852,48853,48854,48855,48856,48857,48858,48859
2053-10-2 11:30:59,48853,48854,48855,48856,48857,48858,48859,48860
2053-10-3 1:05:12,48854,48855,48856,48857,48858,48859,48860,48861
2053-10-3 14:39:26,48855,48856,48857,48858,48859,48860,48861,48862
2053-10-4 4:13:41,48856,48857,48858,48859,48860,48861,48862,48863
2053-10-4 17:47:57,48857,48858,48859,48860,48861,48862,48863,48864
2053-10-5 7:22:14,48858,48859,48860,48861,48862,48863,48864,48865
2053-10-5 20:56:32,48859,48860,48861,48862,48863,48864,48865,48866
2053-10-6 10:30:51,48860,48861,48862,48863,48864,48865,48866,48867
2053-10-7 0:05:11,48861,48862,48863,48864,48865,48866,48867,48868
2053-10-7 13:39:32,48862,48863,48864,48865,48866,48867,48868,48869
2053-10-8 3:13:54,48863,48864,48865,48866,48867,48868,48869,48870
2053-10-8 16:48:17,48864,48865,48866,48867,48868,48869,48870,48871
2053-10-9 6:22:41,48865,48866,48867,48868,48869,48870,48871,48872
2053-10-9 19:57:06,48866,48867,48868,48869,48870,48871,48872,48873
2053-10-10 9:31:32,48867,48868,48869,48870,48871,48872,48873,48874
2053-10-10 23:05:59,48868,48869,48870,48871,48872,48873,48874,48875
2053-10-11 12:40:27,48869,48870,48871,48872,48873,48874,48875,48876
2053-10-12 2:14:56,48870,48871,48872,48873,48874,48875,48876,48877
2053-10-12 15:49:26,48871,48872,48873,48874,48875,48876,48877,48878
2053-10-13 5:23:57,48872,48873,48874,48875,48876,48877,48878,48879
2053-10-13 18:58:29,48873,48874,48875,48876,48877,48878,48879,48880
2053-10-14 8:33:02,48874,48875,48876,48877,48878,48879,48880,48881
2053-10-14 22:07:36,48875,48876,48877,48878,48879,48880,48881,48882
2053-10-15 11:42:11,48876,48877,48878,48879,48880,48881,48882,48883
2053-10-16 1:16:47,48877,48878,48879,48880,48881,48882,48883,48884
2053-10-16 14:51:24,48878,48879,48880,48881,48882,48883,48884,48885
2053-10-17 4:26:02,48879,48880,48881,48882,48883,48884,48885,48886
2053-10-17 18:00:41,48880,48881,48882,48883,48884,48885,48886,48887
2053-10-18 7:35:21,48881,48882,48883,48884,48885,48886,48887,48888
2053-10-18 21:10:02,48882,48883,48884,48885,48886,48887,48888,48889
2053-10-19 10:44:44,48883,48884,48885,48886,48887,48888,48889,48890
2053-10-20 0:19:27,48884,48885,48886,48887,48888,48889,48890,48891
2053-10-20 13:54:11,48885,48886,48887,48888,48889,48890,48891,48892
2053-10-21 3:28:56,48886,48887,48888,48889,48890,48891,48892,48893
2053-10-21 17:03:42,48887,48888,48889,48890,48891,48892,48893,48894
2053-10-22 6:38:29,48888,48889,48890,48891,48892,48893,48894,48895
2053-10-22 20:13:17,48889,48890,48891,48892,48893,48894,48895,48896
2053-10-23 9:48:06,48890,48891,48892,48893,48894,48895,48896,48897
2053-10-23 23:22:56,48891,48892,48893,48894,48895,48896,48897,48898
2053-10-24 12:57:47,48892,48893,48894,48895,48896,48897,48898,48899
2053-10-25 2:32:39,48893,48894,48895,48896,48897,48898,48899,48900
2053-10-25 16:07:32,48894,48895,48896,48897,48898,48899,48900,48901
2053-10-26 5:42:26,48895,48896,48897,48898,48899,48900,48901,48902
2053-10-26 19:17:21,48896,48897,48898,48899,48900,48901,48902,48903
2053-10-27 8:52:17,48897,48898,48899,48900,48901,48902,48903,48904
2053-10-27 22:27:14,48898,48899,48900,48901,48902,48903,48904,48905
2053-10-28 12:02:12,48899,48900,48901,48902,48903,48904,48905,48906
2053-10-29 1:37:11,48900,48901,48902,48903,48904,48905,48906,48907
2053-10-29 15:12:11,48901,48902,48903,48904,48905,48906,48907,48908
2053-10-30 4:47:12,48902,48903,48904,48905,48906,48907,48908,48909
2053-10-30 18:22:14,48903,48904,48905,48906,48907,48908,48909,48910
2053-10-31 7:57:17,48904,48905,48906,48907,48908,48909,48910,48911
2053-10-31 21:32:21,48905,48906,48907,48908,48909,48910,48911,48912
2053-11-1 11:07:26,48906,48907,48908,48909,48910,48911,48912,48913
2053-11-2 0:42:32,48907,48908,48909,48910,48911,48912,48913,48914
2053-11-2 14:17:39,48908,48909,48910,48911,48912,48913,48914,48915
2053-11-3 3:52:47,48909,48910,48911,48912,48913,48914,48915,48916
2053-11-3 17:27:56,48910,48911,48912,48913,48914,48915,48916,48917
2053-11-4 7:03:06,48911,48912,48913,48914,48915,48916,48917,48918
2053-11-4 20:38:17,48912,48913,48914,48915,48916,48917,48918,48919
2053-11-5 10:13:29,48913,48914,48915,48916,48917,48918,48919,48920
2053-11-5 23:48:42,48914,48915,48916,48917,48918,48919,48920,48921
2053-11-6 13:23:56,48915,48916,48917,48918,48919,48920,48921,48922
2053-11-7 2:59:11,48916,48917,48918,48919,48920,48921,48922,48923
2053-11-7 16:34:27,48917,48918,48919,48920,48921,48922,48923,48924
2053-11-8 6:09:44,48918,48919,48920,48921,48922,48923,48924,48925
2053-11-8 19:45:02,48919,48920,48921,48922,48923,48924,48925,48926
2053-11-9 9:20:21,48920,48921,48922,48923,48924,48925,48926,48927
2053-11-9 22:55:41,48921,48922,48923,48924,48925,48926,48927,48928
2053-11-10 12:31:02,48922,48923,48924,48925,48926,48927,48928,48929
2053-11-11 2:06:24,48923,48924,48925,48926,48927,48928,48929,48930
2053-11-11 15:41:47,48924,48925,48926,48927,48928,48929,48930,48931
2053-11-12 5:17:11,48925,48926,48927,48928,48929,48930,48931,48932
2053-11-12 18:52:36,48926,48927,48928,48929,48930,48931,48932,48933
2053-11-13 8:28:02,48927,48928,48929,48930,48931,48932,48933,48934
2053-11-13 22:03:29,48928,48929,48930,48931,48932,48933,48934,48935
2053-11-14 11:38:57,48929,48930,48931,48932,48933,48934,48935,48936
2053-11-15 1:14:26,48930,48931,48932,48933,48934,48935,48936,48937
2053-11-15 14:49:56,48931,48932,48933,48934,48935,48936,48937,48938
2053-11-16 4:25:27,48932,48933,48934,48935,48936,48937,48938,48939
2053-11-16 18:00:59,48933,48934,48935,48936,48937,48938,48939,48940
2053-11-17 7:36:32,48934,48935,48936,48937,48938,48939,48940,48941
2053-11-17 21:12:06,48935,48936,48937,48938,48939,48940,48941,48942
2053-11-18 10:47:41,48936,48937,48938,48939,48940,48941,48942,48943
2053-11-19 0:23:17,48937,48938,48939,48940,48941,48942,48943,48944
2053-11-19 13:58:54,48938,48939,48940,48941,48942,48943,48944,48945
2053-11-20 3:34:32,48939,48940,48941,48942,48943,48944,48945,48946
2053-11-20 17:10:11,48940,48941,48942,48943,48944,48945,48946,48947
2053-11-21 6:45:51,48941,48942,48943,48944,48945,48946,48947,48948
2053-11-21 20:21:32,48942,48943,48944,48945,48946,48947,48948,48949
2053-11-22 9:57:14,48943,48944,48945,48946,48947,48948,48949,48950
2053-11-22 23:32:57,48944,48945,48946,48947,48948,48949,48950,48951
2053-11-23 13:08:41,48945,48946,48947,48948,48949,48950,48951,48952
2053-11-24 2:44:26,48946,48947,48948,48949,48950,48951,48952,48953
2053-11-24 16:20:12,48947,48948,48949,48950,48951,48952,48953,48954
2053-11-25 5:55:59,48948,48949,48950,48951,48952,48953,48954,48955
2053-11-25 19:31:47,48949,48950,48951,48952,48953,48954,48955,48956
2053-11-26 9:07:36,48950,48951,48952,48953,48954,48955,48956,48957
2053-11-26 22:43:26,48951,48952,48953,48954,48955,48956,48957,48958
2053-11-27 12:19:17,48952,48953,48954,48955,48956,48957,48958,48959
2053-11-28 1:55:09,48953,48954,48955,48956,48957,48958,48959,48960
2053-11-28 15:31:02,48954,48955,48956,48957,48958,48959,48960,48961
2053-11-29 5:06:56,48955,48956,48957,48958,48959,48960,48961,48962
2053-11-29 18:42:51,48956,48957,48958,48959,48960,48961,48962,48963
2053-11-30 8:18:47,48957,48958,48959,48960,48961,48962,48963,48964
2053-11-30 21:54:44,48958,48959,48960,48961,48962,48963,48964,48965
2053-12-1 11:30:42,48959,48960,48961,48962,48963,48964,48965,48966
2053-12-2 1:06:41,48960,48961,48962,48963,48964,48965,48966,48967
2053-12-2 14:42:41,48961,48962,48963,48964,48965,48966,48967,48968
2053-12-3 4:18:42,48962,48963,48964,48965,48966,48967,48968,48969
2053-12-3 17:54:44,48963,48964,48965,48966,48967,48968,48969,48970
2053-12-4 7:30:47,48964,48965,48966,48967,48968,48969,48970,48971
2053-12-4 21:06:51,48965,48966,48967,48968,48969,48970,48971,48972
2053-12-5 10:42:56,48966,48967,48968,48969,48970,48971,48972,48973
2053-12-6 0:19:02,48967,48968,48969,48970,48971,48972,48973,48974
2053-12-6 13:55:09,48968,48969,48970,48971,48972,48973,48974,48975
2053-12-7 3:31:17,48969,48970,48971,48972,48973,48974,48975,48976
2053-12-7 17:07:26,48970,48971,48972,48973,48974,48975,48976,48977
2053-12-8 6:43:36,48971,48972,48973,48974,48975,48976,48977,48978
2053-12-8 20:19:47,48972,48973,48974,48975,48976,48977,48978,48979
2053-12-9 9:55:59,48973,48974,48975,48976,48977,48978,48979,48980
2053-12-9 23:32:12,48974,48975,48976,48977,48978,48979,48980,48981
2053-12-10 13:08:26,48975,48976,48977,48978,48979,48980,48981,48982
2053-12-11 2:44:41,48976,48977,48978,48979,48980,48981,48982,48983
2053-12-11 16:20:57,48977,48978,48979,48980,48981,48982,48983,48984
2053-12-12 5:57:14,48978,48979,48980,48981,48982,48983,48984,48985
2053-12-12 19:33:32,48979,48980,48981,48982,48983,48984,48985,48986
2053-12-13 9:09:51,48980,48981,48982,48983,48984,48985,48986,48987
2053-12-13 22:46:11,48981,48982,48983,48984,48985,48986,48987,48988
2053-12-14 12:22:32,48982,48983,48984,48985,48986,48987,48988,48989
2053-12-15 1:58:54,48983,48984,48985,48986,48987,48988,48989,48990
2053-12-15 15:35:17,48984,48985,48986,48987,48988,48989,48990,48991
2053-12-16 5:11:41,48985,48986,48987,48988,48989,48990,48991,48992
2053-12-16 18:48:06,48986,48987,48988,48989,48990,48991,48992,48993
2053-12-17 8:24:32,48987,48988,48989,48990,48991,48992,48993,48994
2053-12-17 22:00:59,48988,48989,48990,48991,48992,48993,48994,48995
2053-12-18 11:37:27,48989,48990,48991,48992,48993,48994,48995,48996
2053-12-19 1:13:56,48990,48991,48992,48993,48994,48995,48996,48997
2053-12-19 14:50:26,48991,48992,48993,48994,48995,48996,48997,48998
2053-12-20 4:26:57,48992,48993,48994,48995,48996,48997,48998,48999
2053-12-20 18:03:29,48993,48994,48995,48996,48997,48998,48999,49000
2053-12-21 7:40:02,48994,48995,48996,48997,48998,48999,49000,49001
2053-12-21 21:16:36,48995,48996,48997,48998,48999,49000,49001,49002
2053-12-22 10:53:11,48996,48997,48998,48999,49000,49001,49002,49003
2053-12-23 0:29:47,48997,48998,48999,49000,49001,49002,49003,49004
2053-12-23 14:06:24,48998,48999,49000,49001,49002,49003,49004,49005
2053-12-24 3:43:02,48999,49000,49001,49002,49003,49004,49005,49006
2053-12-24 17:19:41,49000,49001,49002,49003,49004,49005,49006,49007
2053-12-25 6:56:21,49001,49002,49003,49004,49005,49006,49007,49008
2053-12-25 20:33:02,49002,49003,49004,49005,49006,49007,49008,49009
2053-12-26 10:09:44,49003,49004,49005,49006,49007,49008,49009,49010
2053-12-26 23:46:27,49004,49005,49006,49007,49008,49009,49010,49011
2053-12-27 13:23:11,49005,49006,49007,49008,49009,49010,49011,49012
2053-12-28 2:59:56,49006,49007,49008,49009,49010,49011,49012,49013
2053-12-28 16:36:42,49007,49008,49009,49010,49011,49012,49013,49014
2053-12-29 6:13:29,49008,49009,49010,49011,49012,49013,49014,49015
2053-12-29 19:50:17,49009,49010,49011,49012,49013,49014,49015,49016
2053-12-30 9:27:06,49010,49011,49012,49013,49014,49015,49016,49017
2053-12-30 23:03:56,49011,49012,49013,49014,49015,49016,49017,49018
2053-12-31 12:40:47,49012,49013,49014,49015,49016,49017,49018,49019
2054-1-1 2:17:39,49013,49014,49015,49016,49017,49018,49019,49020
2054-1-1 15:54:32,49014,49015,49016,49017,49018,49019,49020,49021
2054-1-2 5:31:26,49015,49016,49017,49018,49019,49020,49021,49022
2054-1-2 19:08:21,49016,49017,49018,49019,49020,49021,49022,49023
2054-1-3 8:45:17,49017,49018,49019,49020,49021,49022,49023,49024
2054-1-3 22:22:14,49018,49019,49020,49021,49022,49023,49024,49025
2054-1-4 11:59:12,49019,49020,49021,49022,49023,49024,49025,49026
2054-1-5 1:36:11,49020,49021,49022,49023,49024,49025,49026,49027
2054-1-5 15:13:11,49021,49022,49023,49024,49025,49026,49027,49028
2054-1-6 4:50:12,49022,49023,49024,49025,49026,49027,49028,49029
2054-1-6 18:27:14,49023,49024,49025,49026,49027,49028,49029,49030
2054-1-7 8:04:17,49024,49025,49026,49027,49028,49029,49030,49031
2054-1-7 21:41:21,49025,49026,49027,49028,49029,49030,49031,49032
2054-1-8 11:18:26,49026,49027,49028,49029,49030,49031,49032,49033
2054-1-9 0:55:32,49027,49028,49029,49030,49031,49032,49033,49034
2054-1-9 14:32:39,49028,49029,49030,49031,49032,49033,49034,49035
2054-1-10 4:09:47,49029,49030,49031,49032,49033,49034,49035,49036
2054-1-10 17:46:56,49030,49031,49032,49033,49034,49035,49036,49037
2054-1-11 7:24:06,49031,49032,49033,49034,49035,49036,49037,49038
2054-1-11 21:01:17,49032,49033,49034,49035,49036,49037,49038,49039
2054-1-12 10:38:29,49033,49034,49035,49036,49037,49038,49039,49040
2054-1-13 0:15:42,49034,49035,49036,49037,49038,49039,49040,49041
2054-1-13 13:52:56,49035,49036,49037,49038,49039,49040,49041,49042
2054-1-14 3:30:11,49036,49037,49038,49039,49040,49041,49042,49043
2054-1-14 17:07:27,49037,49038,49039,49040,49041,49042,49043,49044
2054-1-15 6:44:44,49038,49039,49040,49041,49042,49043,49044,49045
2054-1-15 20:22:02,49039,49040,49041,49042,49043,49044,49045,49046
2054-1-16 9:59:21,49040,49041,49042,49043,49044,49045,49046,49047
2054-1-16 23:36:41,49041,49042,49043,49044,49045,49046,49047,49048
2054-1-17 13:14:02,49042,49043,49044,49045,49046,49047,49048,49049
2054-1-18 2:51:24,49043,49044,49045,49046,49047,49048,49049,49050
2054-1-18 16:28:47,49044,49045,49046,49047,49048,49049,49050,49051
2054-1-19 6:06:11,49045,49046,49047,49048,49049,49050,49051,49052
2054-1-19 19:43:36,49046,49047,49048,49049,49050,49051,49052,49053
2054-1-20 9:21:02,49047,49048,49049,49050,49051,49052,49053,49054
2054-1-20 22:58:29,49048,49049,49050,49051,49052,49053,49054,49055
2054-1-21 12:35:57,49049,49050,49051,49052,49053,49054,49055,49056
2054-1-22 2:13:26,49050,49051,49052,49053,49054,49055,49056,49057
2054-1-22 15:50:56,49051,49052,49053,49054,49055,49056,49057,49058
2054-1-23 5:28:27,49052,49053,49054,49055,49056,49057,49058,49059
2054-1-23 19:05:59,49053,49054,49055,49056,49057,49058,49059,49060
2054-1-24 8:43:32,49054,49055,49056,49057,49058,49059,49060,49061
2054-1-24 22:21:06,49055,49056,49057,49058,49059,49060,49061,49062
2054-1-25 11:58:41,49056,49057,49058,49059,49060,49061,49062,49063
2054-1-26 1:36:17,49057,49058,49059,49060,49061,49062,49063,49064
2054-1-26 15:13:54,49058,49059,49060,49061,49062,49063,49064,49065
2054-1-27 4:51:32,49059,49060,49061,49062,49063,49064,49065,49066
2054-1-27 18:29:11,49060,49061,49062,49063,49064,49065,49066,49067
2054-1-28 8:06:51,49061,49062,49063,49064,49065,49066,49067,49068
2054-1-28 21:44:32,49062,49063,49064,49065,49066,49067,49068,49069
2054-1-29 11:22:14,49063,49064,49065,49066,49067,49068,49069,49070
2054-1-30 0:59:57,49064,49065,49066,49067,49068,49069,49070,49071
2054-1-30 14:37:41,49065,49066,49067,49068,49069,49070,49071,49072
2054-1-31 4:15:26,49066,49067,49068,49069,49070,49071,49072,49073
2054-1-31 17:53:12,49067,49068,49069,49070,49071,49072,49073,49074
2054-2-1 7:30:59,49068,49069,49070,49071,49072,49073,49074,49075
2054-2-1 21:08:47,49069,49070,49071,49072,49073,49074,49075,49076
2054-2-2 10:46:36,49070,49071,49072,49073,49074,49075,49076,49077
2054-2-3 0:24:26,49071,49072,49073,49074,49075,49076,49077,49078
2054-2-3 14:02:17,49072,49073,49074,49075,49076,49077,49078,49079
2054-2-4 3:40:09,49073,49074,49075,49076,49077,49078,49079,49080
2054-2-4 17:18:02,49074,49075,49076,49077,49078,49079,49080,49081
2054-2-5 6:55:56,49075,49076,49077,49078,49079,49080,49081,49082
2054-2-5 20:33:51,49076,49077,49078,49079,49080,49081,49082,49083
2054-2-6 10:11:47,49077,49078,49079,49080,49081,49082,49083,49084
2054-2-6 23:49:44,49078,49079,49080,49081,49082,49083,49084,49085
2054-2-7 13:27:42,49079,49080,49081,49082,49083,49084,49085,49086
2054-2-8 3:05:41,49080,49081,49082,49083,49084,49085,49086,49087
2054-2-8 16:43:41,49081,49082,49083,49084,49085,49086,49087,49088
2054-2-9 6:21:42,49082,49083,49084,49085,49086,49087,49088,49089
2054-2-9 19:59:44,49083,49084,49085,49086,49087,49088,49089,49090
2054-2-10 9:37:47,49084,49085,49086,49087,49088,49089,49090,49091
2054-2-10 23:15:51,49085,49086,49087,49088,49089,49090,49091,49092
2054-2-11 12:53:56,49086,49087,49088,49089,49090,49091,49092,49093
2054-2-12 2:32:02,49087,49088,49089,49090,49091,49092,49093,49094
2054-2-12 16:10:09,49088,49089,49090,49091,49092,49093,49094,49095
2054-2-13 5:48:17,49089,49090,49091,49092,49093,49094,49095,49096
2054-2-13 19:26:26,49090,49091,49092,49093,49094,49095,49096,49097
2054-2-14 9:04:36,49091,49092,49093,49094,49095,49096,49097,49098
2054-2-14 22:42:47,49092,49093,49094,49095,49096,49097,49098,49099
2054-2-15 12:20:59,49093,49094,49095,49096,49097,49098,49099,49100
2054-2-16 1:59:12,49094,49095,49096,49097,49098,49099,49100,49101
2054-2-16 15:37:26,49095,49096,49097,49098,49099,49100,49101,49102
2054-2-17 5:15:41,49096,49097,49098,49099,49100,49101,49102,49103
2054-2-17 18:53:57,49097,49098,49099,49100,49101,49102,49103,49104
2054-2-18 8:32:14,49098,49099,49100,49101,49102,49103,49104,49105
2054-2-18 22:10:32,49099,49100,49101,49102,49103,49104,49105,49106
2054-2-19 11:48:51,49100,49101,49102,49103,49104,49105,49106,49107
2054-2-20 1:27:11,49101,49102,49103,49104,49105,49106,49107,49108
2054-2-20 15:05:32,49102,49103,49104,49105,49106,49107,49108,49109
2054-2-21 4:43:54,49103,49104,49105,49106,49107,49108,49109,49110
2054-2-21 18:22:17,49104,49105,49106,49107,49108,49109,49110,49111
2054-2-22 8:00:41,49105,49106,49107,49108,49109,49110,49111,49112
2054-2-22 21:39:06,49106,49107,49108,49109,49110,49111,49112,49113
2054-2-23 11:17:32,49107,49108,49109,49110,49111,49112,49113,49114
2054-2-24 0:55:59,49108,49109,49110,49111,49112,49113,49114,49115
2054-2-24 14:34:27,49109,49110,49111,49112,49113,49114,49115,49116
2054-2-25 4:12:56,49110,49111,49112,49113,49114,49115,49116,49117
2054-2-25 17:51:26,49111,49112,49113,49114,49115,49116,49117,49118
2054-2-26 7:29:57,49112,49113,49114,49115,49116,49117,49118,49119
2054-2-26 21:08:29,49113,49114,49115,49116,49117,49118,49119,49120
2054-2-27 10:47:02,49114,49115,49116,49117,49118,49119,49120,49121
2054-2-28 0:25:36,49115,49116,49117,49118,49119,49120,49121,49122
2054-2-28 14:04:11,49116,49117,49118,49119,49120,49121,49122,49123
2054-3-1 3:42:47,49117,49118,49119,49120,49121,49122,49123,49124
2054-3-1 17:21:24,49118,49119,49120,49121,49122,49123,49124,49125
2054-3-2 7:00:02,49119,49120,49121,49122,49123,49124,49125,49126
2054-3-2 20:38:41,49120,49121,49122,49123,49124,49125,49126,49127
2054-3-3 10:17:21,49121,49122,49123,49124,49125,49126,49127,49128
2054-3-3 23:56:02,49122,49123,49124,49125,49126,49127,49128,49129
2054-3-4 13:34:44,49123,49124,49125,49126,49127,49128,49129,49130
2054-3-5 3:13:27,49124,49125,49126,49127,49128,49129,49130,49131
2054-3-5 16:52:11,49125,49126,49127,49128,49129,49130,49131,49132
2054-3-6 6:30:56,49126,49127,49128,49129,49130,49131,49132,49133
2054-3-6 20:09:42,49127,49128,49129,49130,49131,49132,49133,49134
2054-3-7 9:48:29,49128,49129,49130,49131,49132,49133,49134,49135
2054-3-7 23:27:17,49129,49130,49131,49132,49133,49134,49135,49136
2054-3-8 13:06:06,49130,49131,49132,49133,49134,49135,49136,49137
2054-3-9 2:44:56,49131,49132,49133,49134,49135,49136,49137,49138
2054-3-9 16:23:47,49132,49133,49134,49135,49136,49137,49138,49139
2054-3-10 6:02:39,49133,49134,49135,49136,49137,49138,49139,49140
2054-3-10 19:41:32,49134,49135,49136,49137,49138,49139,49140,49141
2054-3-11 9:20:26,49135,49136,49137,49138,49139,49140,49141,49142
2054-3-11 22:59:21,49136,49137,49138,49139,49140,49141,49142,49143
2054-3-12 12:38:17,49137,49138,49139,49140,49141,49142,49143,49144
2054-3-13 2:17:14,49138,49139,49140,49141,49142,49143,49144,49145
2054-3-13 15:56:12,49139,49140,49141,49142,49143,49144,49145,49146
2054-3-14 5:35:11,49140,49141,49142,49143,49144,49145,49146,49147
2054-3-14 19:14:11,49141,49142,49143,49144,49145,49146,49147,49148
2054-3-15 8:53:12,49142,49143,49144,49145,49146,49147,49148,49149
2054-3-15 22:32:14,49143,49144,49145,49146,49147,49148,49149,49150
2054-3-16 12:11:17,49144,49145,49146,49147,49148,49149,49150,49151
2054-3-17 1:50:21,49145,49146,49147,49148,49149,49150,49151,49152
2054-3-17 15:29:26,49146,49147,49148,49149,49150,49151,49152,49153
2054-3-18 5:08:32,49147,49148,49149,49150,49151,49152,49153,49154
2054-3-18 18:47:39,49148,49149,49150,49151,49152,49153,49154,49155
2054-3-19 8:26:47,49149,49150,49151,49152,49153,49154,49155,49156
2054-3-19 22:05:56,49150,49151,49152,49153,49154,49155,49156,49157
2054-3-20 11:45:06,49151,49152,49153,49154,49155,49156,49157,49158
2054-3-21 1:24:17,49152,49153,49154,49155,49156,49157,49158,49159
2054-3-21 15:03:29,49153,49154,49155,49156,49157,49158,49159,49160
2054-3-22 4:42:42,49154,49155,49156,49157,49158,49159,49160,49161
2054-3-22 18:21:56,49155,49156,49157,49158,49159,49160,49161,49162
2054-3-23 8:01:11,49156,49157,49158,49159,49160,49161,49162,49163
2054-3-23 21:40:27,49157,49158,49159,49160,49161,49162,49163,49164
2054-3-24 11:19:44,49158,49159,49160,49161,49162,49163,49164,49165
2054-3-25 0:59:02,49159,49160,49161,49162,49163,49164,49165,49166
2054-3-25 14:38:21,49160,49161,49162,49163,49164,49165,49166,49167
2054-3-26 4:17:41,49161,49162,49163,49164,49165,49166,49167,49168
2054-3-26 17:57:02,49162,49163,49164,49165,49166,49167,49168,49169
2054-3-27 7:36:24,49163,49164,49165,49166,49167,49168,49169,49170
2054-3-27 21:15:47,49164,49165,49166,49167,49168,49169,49170,49171
2054-3-28 10:55:11,49165,49166,49167,49168,49169,49170,49171,49172
2054-3-29 0:34:36,49166,49167,49168,49169,49170,49171,49172,49173
2054-3-29 14:14:02,49167,49168,49169,49170,49171,49172,49173,49174
2054-3-30 3:53:29,49168,49169,49170,49171,49172,49173,49174,49175
2054-3-30 17:32:57,49169,49170,49171,49172,49173,49174,49175,49176
2054-3-31 7:12:26,49170,49171,49172,49173,49174,49175,49176,49177
2054-3-31 20:51:56,49171,49172,49173,49174,49175,49176,49177,49178
2054-4-1 10:31:27,49172,49173,49174,49175,49176,49177,49178,49179
2054-4-2 0:10:59,49173,49174,49175,49176,49177,49178,49179,49180
2054-4-2 13:50:32,49174,49175,49176,49177,49178,49179,49180,49181
2054-4-3 3:30:06,49175,49176,49177,49178,49179,49180,49181,49182
2054-4-3 17:09:41,49176,49177,49178,49179,49180,49181,49182,49183
2054-4-4 6:49:17,49177,49178,49179,49180,49181,49182,49183,49184
2054-4-4 20:28:54,49178,49179,49180,49181,49182,49183,49184,49185
2054-4-5 10:08:32,49179,49180,49181,49182,49183,49184,49185,49186
2054-4-5 23:48:11,49180,49181,49182,49183,49184,49185,49186,49187
2054-4-6 13:27:51,49181,49182,49183,49184,49185,49186,49187,49188
2054-4-7 3:07:32,49182,49183,49184,49185,49186,49187,49188,49189
2054-4-7 16:47:14,49183,49184,49185,49186,49187,49188,49189,49190
2054-4-8 6:26:57,49184,49185,49186,49187,49188,49189,49190,49191
2054-4-8 20:06:41,49185,49186,49187,49188,49189,49190,49191,49192
2054-4-9 9:46:26,49186,49187,49188,49189,49190,49191,49192,49193
2054-4-9 23:26:12,49187,49188,49189,49190,49191,49192,49193,49194
2054-4-10 13:05:59,49188,49189,49190,49191,49192,49193,49194,49195
2054-4-11 2:45:47,49189,49190,49191,49192,49193,49194,49195,49196
2054-4-11 16:25:36,49190,49191,49192,49193,49194,49195,49196,49197
2054-4-12 6:05:26,49191,49192,49193,49194,49195,49196,49197,49198
2054-4-12 19:45:17,49192,49193,49194,49195,49196,49197,49198,49199
2054-4-13 9:25:09,49193,49194,49195,49196,49197,49198,49199,49200
2054-4-13 23:05:02,49194,49195,49196,49197,49198,49199,49200,49201
2054-4-14 12:44:56,49195,49196,49197,49198,49199,49200,49201,49202
2054-4-15 2:24:51,49196,49197,49198,49199,49200,49201,49202,49203
2054-4-15 16:04:47,49197,49198,49199,49200,49201,49202,49203,49204
2054-4-16 5:44:44,49198,49199,49200,49201,49202,49203,49204,49205
2054-4-16 19:24:42,49199,49200,49201,49202,49203,49204,49205,49206
2054-4-17 9:04:41,49200,49201,49202,49203,49204,49205,49206,49207
2054-4-17 22:44:41,49201,49202,49203,49204,49205,49206,49207,49208
2054-4-18 12:24:42,49202,49203,49204,49205,49206,49207,49208,49209
2054-4-19 2:04:44,49203,49204,49205,49206,49207,49208,49209,49210
2054-4-19 15:44:47,49204,49205,49206,49207,49208,49209,49210,49211
2054-4-20 5:24:51,49205,49206,49207,49208,49209,49210,49211,49212
2054-4-20 19:04:56,49206,49207,49208,49209,49210,49211,49212,49213
2054-4-21 8:45:02,49207,49208,49209,49210,49211,49212,49213,49214
2054-4-21 22:25:09,49208,49209,49210,49211,49212,49213,49214,49215
2054-4-22 12:05:17,49209,49210,49211,49212,49213,49214,49215,49216
2054-4-23 1:45:26,49210,49211,49212,49213,49214,49215,49216,49217
2054-4-23 15:25:36,49211,49212,49213,49214,49215,49216,49217,49218
2054-4-24 5:05:47,49212,49213,49214,49215,49216,49217,49218,49219
2054-4-24 18:45:59,49213,49214,49215,49216,49217,49218,49219,49220
2054-4-25 8:26:12,49214,49215,49216,49217,49218,49219,49220,49221
2054-4-25 22:06:26,49215,49216,49217,49218,49219,49220,49221,49222
2054-4-26 11:46:41,49216,49217,49218,49219,49220,49221,49222,49223
2054-4-27 1:26:57,49217,49218,49219,49220,49221,49222,49223,49224
2054-4-27 15:07:14,49218,49219,49220,49221,49222,49223,49224,49225
2054-4-28 4:47:32,49219,49220,49221,49222,49223,49224,49225,49226
2054-4-28 18:27:51,49220,49221,49222,49223,49224,49225,49226,49227
2054-4-29 8:08:11,49221,49222,49223,49224,49225,49226,49227,49228
2054-4-29 21:48:32,49222,49223,49224,49225,49226,49227,49228,49229
2054-4-30 11:28:54,49223,49224,49225,49226,49227,49228,49229,49230
2054-5-1 1:09:17,49224,49225,49226,49227,49228,49229,49230,49231
2054-5-1 14:49:41,49225,49226,49227,49228,49229,49230,49231,49232
2054-5-2 4:30:06,49226,49227,49228,49229,49230,49231,49232,49233
2054-5-2 18:10:32,49227,49228,49229,49230,49231,49232,49233,49234
2054-5-3 7:50:59,49228,49229,49230,49231,49232,49233,49234,49235
2054-5-3 21:31:27,49229,49230,49231,49232,49233,49234,49235,49236
2054-5-4 11:11:56,49230,49231,49232,49233,49234,49235,49236,49237
2054-5-5 0:52:26,49231,49232,49233,49234,49235,49236,49237,49238
2054-5-5 14:32:57,49232,49233,49234,49235,49236,49237,49238,49239
2054-5-6 4:13:29,49233,49234,49235,49236,49237,49238,49239,49240
2054-5-6 17:54:02,49234,49235,49236,49237,49238,49239,49240,49241
2054-5-7 7:34:36,49235,49236,49237,49238,49239,49240,49241,49242
2054-5-7 21:15:11,49236,49237,49238,49239,49240,49241,49242,49243
2054-5-8 10:55:47,49237,49238,49239,49240,49241,49242,49243,49244
2054-5-9 0:36:24,49238,49239,49240,49241,49242,49243,49244,49245
2054-5-9 14:17:02,49239,49240,49241,49242,49243,49244,49245,49246
2054-5-10 3:57:41,49240,49241,49242,49243,49244,49245,49246,49247
2054-5-10 17:38:21,49241,49242,49243,49244,49245,49246,49247,49248
2054-5-11 7:19:02,49242,49243,49244,49245,49246,49247,49248,49249
2054-5-11 20:59:44,49243,49244,49245,49246,49247,49248,49249,49250
2054-5-12 10:40:27,49244,49245,49246,49247,49248,49249,49250,49251
2054-5-13 0:21:11,49245,49246,49247,49248,49249,49250,49251,49252
2054-5-13 14:01:56,49246,49247,49248,49249,49250,49251,49252,49253
2054-5-14 3:42:42,49247,49248,49249,49250,49251,49252,49253,49254
2054-5-14 17:23:29,49248,49249,49250,49251,49252,49253,49254,49255
2054-5-15 7:04:17,49249,49250,49251,49252,49253,49254,49255,49256
2054-5-15 20:45:06,49250,49251,49252,49253,49254,49255,49256,49257
2054-5-16 10:25:56,49251,49252,49253,49254,49255,49256,49257,49258
2054-5-17 0:06:47,49252,49253,49254,49255,49256,49257,49258,49259
2054-5-17 13:47:39,49253,49254,49255,49256,49257,49258,49259,49260
2054-5-18 3:28:32,49254,49255,49256,49257,49258,49259,49260,49261
2054-5-18 17:09:26,49255,49256,49257,49258,49259,49260,49261,49262
2054-5-19 6:50:21,49256,49257,49258,49259,49260,49261,49262,49263
2054-5-19 20:31:17,49257,49258,49259,49260,49261,49262,49263,49264
2054-5-20 10:12:14,49258,49259,49260,49261,49262,49263,49264,49265
2054-5-20 23:53:12,49259,49260,49261,49262,49263,49264,49265,49266
2054-5-21 13:34:11,49260,49261,49262,49263,49264,49265,49266,49267
2054-5-22 3:15:11,49261,49262,49263,49264,49265,49266,49267,49268
2054-5-22 16:56:12,49262,49263,49264,49265,49266,49267,49268,49269
2054-5-23 6:37:14,49263,49264,49265,49266,49267,49268,49269,49270
2054-5-23 20:18:17,49264,49265,49266,49267,49268,49269,49270,49271
2054-5-24 9:59:21,49265,49266,49267,49268,49269,49270,49271,49272
2054-5-24 23:40:26,49266,49267,49268,49269,49270,49271,49272,49273
2054-5-25 13:21:32,49267,49268,49269,49270,49271,49272,49273,49274
2054-5-26 3:02:39,49268,49269,49270,49271,49272,49273,49274,49275
2054-5-26 16:43:47,49269,49270,49271,49272,49273,49274,49275,49276
2054-5-27 6:24:56,49270,49271,49272,49273,49274,49275,49276,49277
2054-5-27 20:06:06,49271,49272,49273,49274,49275,49276,49277,49278
2054-5-28 9:47:17,49272,49273,49274,49275,49276,49277,49278,49279
2054-5-28 23:28:29,49273,49274,49275,49276,49277,49278,49279,49280
2054-5-29 13:09:42,49274,49275,49276,49277,49278,49279,49280,49281
2054-5-30 2:50:56,49275,49276,49277,49278,49279,49280,49281,49282
2054-5-30 16:32:11,49276,49277,49278,49279,49280,49281,49282,49283
2054-5-31 6:13:27,49277,49278,49279,49280,49281,49282,49283,49284
2054-5-31 19:54:44,49278,49279,49280,49281,49282,49283,49284,49285
2054-6-1 9:36:02,49279,49280,49281,49282,49283,49284,49285,49286
2054-6-1 23:17:21,49280,49281,49282,49283,49284,49285,49286,49287
2054-6-2 12:58:41,49281,49282,49283,49284,49285,49286,49287,49288
2054-6-3 2:40:02,49282,49283,49284,49285,49286,49287,49288,49289
2054-6-3 16:21:24,49283,49284,49285,49286,49287,49288,49289,49290
2054-6-4 6:02:47,49284,49285,49286,49287,49288,49289,49290,49291
2054-6-4 19:44:11,49285,49286,49287,49288,49289,49290,49291,49292
2054-6-5 9:25:36,49286,49287,49288,49289,49290,49291,49292,49293
2054-6-5 23:07:02,49287,49288,49289,49290,49291,49292,49293,49294
2054-6-6 12:48:29,49288,49289,49290,49291,49292,49293,49294,49295
2054-6-7 2:29:57,49289,49290,49291,49292,49293,49294,49295,49296
2054-6-7 16:11:26,49290,49291,49292,49293,49294,49295,49296,49297
2054-6-8 5:52:56,49291,49292,49293,49294,49295,49296,49297,49298
2054-6-8 19:34:27,49292,49293,49294,49295,49296,49297,49298,49299
2054-6-9 9:15:59,49293,49294,49295,49296,49297,49298,49299,49300
2054-6-9 22:57:32,49294,49295,49296,49297,49298,49299,49300,49301
2054-6-10 12:39:06,49295,49296,49297,49298,49299,49300,49301,49302
2054-6-11 2:20:41,49296,49297,49298,49299,49300,49301,49302,49303
2054-6-11 16:02:17,49297,49298,49299,49300,49301,49302,49303,49304
2054-6-12 5:43:54,49298,49299,49300,49301,49302,49303,49304,49305
2054-6-12 19:25:32,49299,49300,49301,49302,49303,49304,49305,49306
2054-6-13 9:07:11,49300,49301,49302,49303,49304,49305,49306,49307
2054-6-13 22:48:51,49301,49302,49303,49304,49305,49306,49307,49308
2054-6-14 12:30:32,49302,49303,49304,49305,49306,49307,49308,49309
2054-6-15 2:12:14,49303,49304,49305,49306,49307,49308,49309,49310
2054-6-15 15:53:57,49304,49305,49306,49307,49308,49309,49310,49311
2054-6-16 5:35:41,49305,49306,49307,49308,49309,49310,49311,49312
2054-6-16 19:17:26,49306,49307,49308,49309,49310,49311,49312,49313
2054-6-17 8:59:12,49307,49308,49309,49310,49311,49312,49313,49314
2054-6-17 22:40:59,49308,49309,49310,49311,49312,49313,49314,49315
2054-6-18 12:22:47,49309,49310,49311,49312,49313,49314,49315,49316
2054-6-19 2:04:36,49310,49311,49312,49313,49314,49315,49316,49317
2054-6-19 15:46:26,49311,49312,49313,49314,49315,49316,49317,49318
2054-6-20 5:28:17,49312,49313,49314,49315,49316,49317,49318,49319
2054-6-20 19:10:09,49313,49314,49315,49316,49317,49318,49319,49320
2054-6-21 8:52:02,49314,49315,49316,49317,49318,49319,49320,49321
2054-6-21 22:33:56,49315,49316,49317,49318,49319,49320,49321,49322
2054-6-22 12:15:51,49316,49317,49318,49319,49320,49321,49322,49323
2054-6-23 1:57:47,49317,49318,49319,49320,49321,49322,49323,49324
2054-6-23 15:39:44,49318,49319,49320,49321,49322,49323,49324,49325
2054-6-24 5:21:42,49319,49320,49321,49322,49323,49324,49325,49326
2054-6-24 19:03:41,49320,49321,49322,49323,49324,49325,49326,49327
2054-6-25 8:45:41,49321,49322,49323,49324,49325,49326,49327,49328
2054-6-25 22:27:42,49322,49323,49324,49325,49326,49327,49328,49329
2054-6-26 12:09:44,49323,49324,49325,49326,49327,49328,49329,49330
2054-6-27 1:51:47,49324,49325,49326,49327,49328,49329,49330,49331
2054-6-27 15:33:51,49325,49326,49327,49328,49329,49330,49331,49332
2054-6-28 5:15:56,49326,49327,49328,49329,49330,49331,49332,49333
2054-6-28 18:58:02,49327,49328,49329,49330,49331,49332,49333,49334
2054-6-29 8:40:09,49328,49329,49330,49331,49332,49333,49334,49335
2054-6-29 22:22:17,49329,49330,49331,49332,49333,49334,49335,49336
2054-6-30 12:04:26,49330,49331,49332,49333,49334,49335,49336,49337
2054-7-1 1:46:36,49331,49332,49333,49334,49335,49336,49337,49338
2054-7-1 15:28:47,49332,49333,49334,49335,49336,49337,49338,49339
2054-7-2 5:10:59,49333,49334,49335,49336,49337,49338,49339,49340
2054-7-2 18:53:12,49334,49335,49336,49337,49338,49339,49340,49341
2054-7-3 8:35:26,49335,49336,49337,49338,49339,49340,49341,49342
2054-7-3 22:17:41,49336,49337,49338,49339,49340,49341,49342,49343
2054-7-4 11:59:57,49337,49338,49339,49340,49341,49342,49343,49344
2054-7-5 1:42:14,49338,49339,49340,49341,49342,49343,49344,49345
2054-7-5 15:24:32,49339,49340,49341,49342,49343,49344,49345,49346
2054-7-6 5:06:51,49340,49341,49342,49343,49344,49345,49346,49347
2054-7-6 18:49:11,49341,49342,49343,49344,49345,49346,49347,49348
2054-7-7 8:31:32,49342,49343,49344,49345,49346,49347,49348,49349
2054-7-7 22:13:54,49343,49344,49345,49346,49347,49348,49349,49350
2054-7-8 11:56:17,49344,49345,49346,49347,49348,49349,49350,49351
2054-7-9 1:38:41,49345,49346,49347,49348,49349,49350,49351,49352
2054-7-9 15:21:06,49346,49347,49348,49349,49350,49351,49352,49353
2054-7-10 5:03:32,49347,49348,49349,49350,49351,49352,49353,49354
2054-7-10 18:45:59,49348,49349,49350,49351,49352,49353,49354,49355
2054-7-11 8:28:27,49349,49350,49351,49352,49353,49354,49355,49356
2054-7-11 22:10:56,49350,49351,49352,49353,49354,49355,49356,49357
2054-7-12 11:53:26,49351,49352,49353,49354,49355,49356,49357,49358
2054-7-13 1:35:57,49352,49353,49354,49355,49356,49357,49358,49359
2054-7-13 15:18:29,49353,49354,49355,49356,49357,49358,49359,49360
2054-7-14 5:01:02,49354,49355,49356,49357,49358,49359,49360,49361
2054-7-14 18:43:36,49355,49356,49357,49358,49359,49360,49361,49362
2054-7-15 8:26:11,49356,49357,49358,49359,49360,49361,49362,49363
2054-7-15 22:08:47,49357,49358,49359,49360,49361,49362,49363,49364
2054-7-16 11:51:24,49358,49359,49360,49361,49362,49363,49364,49365
2054-7-17 1:34:02,49359,49360,49361,49362,49363,49364,49365,49366
2054-7-17 15:16:41,49360,49361,49362,49363,49364,49365,49366,49367
2054-7-18 4:59:21,49361,49362,49363,49364,49365,49366,49367,49368
2054-7-18 18:42:02,49362,49363,49364,49365,49366,49367,49368,49369
2054-7-19 8:24:44,49363,49364,49365,49366,49367,49368,49369,49370
2054-7-19 22:07:27,49364,49365,49366,49367,49368,49369,49370,49371
2054-7-20 11:50:11,49365,49366,49367,49368,49369,49370,49371,49372
2054-7-21 1:32:56,49366,49367,49368,49369,49370,49371,49372,49373
2054-7-21 15:15:42,49367,49368,49369,49370,49371,49372,49373,49374
2054-7-22 4:58:29,49368,49369,49370,49371,49372,49373,49374,49375
2054-7-22 18:41:17,49369,49370,49371,49372,49373,49374,49375,49376
2054-7-23 8:24:06,49370,49371,49372,49373,49374,49375,49376,49377
2054-7-23 22:06:56,49371,49372,49373,49374,49375,49376,49377,49378
2054-7-24 11:49:47,49372,49373,49374,49375,49376,49377,49378,49379
2054-7-25 1:32:39,49373,49374,49375,49376,49377,49378,49379,49380
2054-7-25 15:15:32,49374,49375,49376,49377,49378,49379,49380,49381
2054-7-26 4:58:26,49375,49376,49377,49378,49379,49380,49381,49382
2054-7-26 18:41:21,49376,49377,49378,49379,49380,49381,49382,49383
2054-7-27 8:24:17,49377,49378,49379,49380,49381,49382,49383,49384
2054-7-27 22:07:14,49378,49379,49380,49381,49382,49383,49384,49385
2054-7-28 11:50:12,49379,49380,49381,49382,49383,49384,49385,49386
2054-7-29 1:33:11,49380,49381,49382,49383,49384,49385,49386,49387
2054-7-29 15:16:11,49381,49382,49383,49384,49385,49386,49387,49388
2054-7-30 4:59:12,49382,49383,49384,49385,49386,49387,49388,49389
2054-7-30 18:42:14,49383,49384,49385,49386,49387,49388,49389,49390
2054-7-31 8:25:17,49384,49385,49386,49387,49388,49389,49390,49391
2054-7-31 22:08:21,49385,49386,49387,49388,49389,49390,49391,49392
2054-8-1 11:51:26,49386,49387,49388,49389,49390,49391,49392,49393
2054-8-2 1:34:32,49387,49388,49389,49390,49391,49392,49393,49394
2054-8-2 15:17:39,49388,49389,49390,49391,49392,49393,49394,49395
2054-8-3 5:00:47,49389,49390,49391,49392,49393,49394,49395,49396
2054-8-3 18:43:56,49390,49391,49392,49393,49394,49395,49396,49397
2054-8-4 8:27:06,49391,49392,49393,49394,49395,49396,49397,49398
2054-8-4 22:10:17,49392,49393,49394,49395,49396,49397,49398,49399
2054-8-5 11:53:29,49393,49394,49395,49396,49397,49398,49399,49400
2054-8-6 1:36:42,49394,49395,49396,49397,49398,49399,49400,49401
2054-8-6 15:19:56,49395,49396,49397,49398,49399,49400,49401,49402
2054-8-7 5:03:11,49396,49397,49398,49399,49400,49401,49402,49403
2054-8-7 18:46:27,49397,49398,49399,49400,49401,49402,49403,49404
2054-8-8 8:29:44,49398,49399,49400,49401,49402,49403,49404,49405
2054-8-8 22:13:02,49399,49400,49401,49402,49403,49404,49405,49406
2054-8-9 11:56:21,49400,49401,49402,49403,49404,49405,49406,49407
2054-8-10 1:39:41,49401,49402,49403,49404,49405,49406,49407,49408
2054-8-10 15:23:02,49402,49403,49404,49405,49406,49407,49408,49409
2054-8-11 5:06:24,49403,49404,49405,49406,49407,49408,49409,49410
2054-8-11 18:49:47,49404,49405,49406,49407,49408,49409,49410,49411
2054-8-12 8:33:11,49405,49406,49407,49408,49409,49410,49411,49412
2054-8-12 22:16:36,49406,49407,49408,49409,49410,49411,49412,49413
2054-8-13 12:00:02,49407,49408,49409,49410,49411,49412,49413,49414
2054-8-14 1:43:29,49408,49409,49410,49411,49412,49413,49414,49415
2054-8-14 15:26:57,49409,49410,49411,49412,49413,49414,49415,49416
2054-8-15 5:10:26,49410,49411,49412,49413,49414,49415,49416,49417
2054-8-15 18:53:56,49411,49412,49413,49414,49415,49416,49417,49418
2054-8-16 8:37:27,49412,49413,49414,49415,49416,49417,49418,49419
2054-8-16 22:20:59,49413,49414,49415,49416,49417,49418,49419,49420
2054-8-17 12:04:32,49414,49415,49416,49417,49418,49419,49420,49421
2054-8-18 1:48:06,49415,49416,49417,49418,49419,49420,49421,49422
2054-8-18 15:31:41,49416,49417,49418,49419,49420,49421,49422,49423
2054-8-19 5:15:17,49417,49418,49419,49420,49421,49422,49423,49424
2054-8-19 18:58:54,49418,49419,49420,49421,49422,49423,49424,49425
2054-8-20 8:42:32,49419,49420,49421,49422,49423,49424,49425,49426
2054-8-20 22:26:11,49420,49421,49422,49423,49424,49425,49426,49427
2054-8-21 12:09:51,49421,49422,49423,49424,49425,49426,49427,49428
2054-8-22 1:53:32,49422,49423,49424,49425,49426,49427,49428,49429
2054-8-22 15:37:14,49423,49424,49425,49426,49427,49428,49429,49430
2054-8-23 5:20:57,49424,49425,49426,49427,49428,49429,49430,49431
2054-8-23 19:04:41,49425,49426,49427,49428,49429,49430,49431,49432
2054-8-24 8:48:26,49426,49427,49428,49429,49430,49431,49432,49433
2054-8-24 22:32:12,49427,49428,49429,49430,49431,49432,49433,49434
2054-8-25 12:15:59,49428,49429,49430,49431,49432,49433,49434,49435
2054-8-26 1:59:47,49429,49430,49431,49432,49433,49434,49435,49436
2054-8-26 15:43:36,49430,49431,49432,49433,49434,49435,49436,49437
2054-8-27 5:27:26,49431,49432,49433,49434,49435,49436,49437,49438
2054-8-27 19:11:17,49432,49433,49434,49435,49436,49437,49438,49439
2054-8-28 8:55:09,49433,49434,49435,49436,49437,49438,49439,49440
2054-8-28 22:39:02,49434,49435,49436,49437,49438,49439,49440,49441
2054-8-29 12:22:56,49435,49436,49437,49438,49439,49440,49441,49442
2054-8-30 2:06:51,49436,49437,49438,49439,49440,49441,49442,49443
2054-8-30 15:50:47,49437,49438,49439,49440,49441,49442,49443,49444
2054-8-31 5:34:44,49438,49439,49440,49441,49442,49443,49444,49445
2054-8-31 19:18:42,49439,49440,49441,49442,49443,49444,49445,49446
2054-9-1 9:02:41,49440,49441,49442,49443,49444,49445,49446,49447
2054-9-1 22:46:41,49441,49442,49443,49444,49445,49446,49447,49448
2054-9-2 12:30:42,49442,49443,49444,49445,49446,49447,49448,49449
2054-9-3 2:14:44,49443,49444,49445,49446,49447,49448,49449,49450
2054-9-3 15:58:47,49444,49445,49446,49447,49448,49449,49450,49451
2054-9-4 5:42:51,49445,49446,49447,49448,49449,49450,49451,49452
2054-9-4 19:26:56,49446,49447,49448,49449,49450,49451,49452,49453
2054-9-5 9:11:02,49447,49448,49449,49450,49451,49452,49453,49454
2054-9-5 22:55:09,49448,49449,49450,49451,49452,49453,49454,49455
2054-9-6 12:39:17,49449,49450,49451,49452,49453,49454,49455,49456
2054-9-7 2:23:26,49450,49451,49452,49453,49454,49455,49456,49457
2054-9-7 16:07:36,49451,49452,49453,49454,49455,49456,49457,49458
2054-9-8 5:51:47,49452,49453,49454,49455,49456,49457,49458,49459
2054-9-8 19:35:59,49453,49454,49455,49456,49457,49458,49459,49460
2054-9-9 9:20:12,49454,49455,49456,49457,49458,49459,49460,49461
2054-9-9 23:04:26,49455,49456,49457,49458,49459,49460,49461,49462
2054-9-10 12:48:41,49456,49457,49458,49459,49460,49461,49462,49463
2054-9-11 2:32:57,49457,49458,49459,49460,49461,49462,49463,49464
2054-9-11 16:17:14,49458,49459,49460,49461,49462,49463,49464,49465
2054-9-12 6:01:32,49459,49460,49461,49462,49463,49464,49465,49466
2054-9-12 19:45:51,49460,49461,49462,49463,49464,49465,49466,49467
2054-9-13 9:30:11,49461,49462,49463,49464,49465,49466,49467,49468
2054-9-13 23:14:32,49462,49463,49464,49465,49466,49467,49468,49469
2054-9-14 12:58:54,49463,49464,49465,49466,49467,49468,49469,49470
2054-9-15 2:43:17,49464,49465,49466,49467,49468,49469,49470,49471
2054-9-15 16:27:41,49465,49466,49467,49468,49469,49470,49471,49472
2054-9-16 6:12:06,49466,49467,49468,49469,49470,49471,49472,49473
2054-9-16 19:56:32,49467,49468,49469,49470,49471,49472,49473,49474
2054-9-17 9:40:59,49468,49469,49470,49471,49472,49473,49474,49475
2054-9-17 23:25:27,49469,49470,49471,49472,49473,49474,49475,49476
2054-9-18 13:09:56,49470,49471,49472,49473,49474,49475,49476,49477
2054-9-19 2:54:26,49471,49472,49473,49474,49475,49476,49477,49478
2054-9-19 16:38:57,49472,49473,49474,49475,49476,49477,49478,49479
2054-9-20 6:23:29,49473,49474,49475,49476,49477,49478,49479,49480
2054-9-20 20:08:02,49474,49475,49476,49477,49478,49479,49480,49481
2054-9-21 9:52:36,49475,49476,49477,49478,49479,49480,49481,49482
2054-9-21 23:37:11,49476,49477,49478,49479,49480,49481,49482,49483
2054-9-22 13:21:47,49477,49478,49479,49480,49481,49482,49483,49484
2054-9-23 3:06:24,49478,49479,49480,49481,49482,49483,49484,49485
2054-9-23 16:51:02,49479,49480,49481,49482,49483,49484,49485,49486
2054-9-24 6:35:41,49480,49481,49482,49483,49484,49485,49486,49487
2054-9-24 20:20:21,49481,49482,49483,49484,49485,49486,49487,49488
2054-9-25 10:05:02,49482,49483,49484,49485,49486,49487,49488,49489
2054-9-25 23:49:44,49483,49484,49485,49486,49487,49488,49489,49490
2054-9-26 13:34:27,49484,49485,49486,49487,49488,49489,49490,49491
2054-9-27 3:19:11,49485,49486,49487,49488,49489,49490,49491,49492
2054-9-27 17:03:56,49486,49487,49488,49489,49490,49491,49492,49493
2054-9-28 6:48:42,49487,49488,49489,49490,49491,49492,49493,49494
2054-9-28 20:33:29,49488,49489,49490,49491,49492,49493,49494,49495
2054-9-29 10:18:17,49489,49490,49491,49492,49493,49494,49495,49496
2054-9-30 0:03:06,49490,49491,49492,49493,49494,49495,49496,49497
2054-9-30 13:47:56,49491,49492,49493,49494,49495,49496,49497,49498
2054-10-1 3:32:47,49492,49493,49494,49495,49496,49497,49498,49499
2054-10-1 17:17:39,49493,49494,49495,49496,49497,49498,49499,49500
2054-10-2 7:02:32,49494,49495,49496,49497,49498,49499,49500,49501
2054-10-2 20:47:26,49495,49496,49497,49498,49499,49500,49501,49502
2054-10-3 10:32:21,49496,49497,49498,49499,49500,49501,49502,49503
2054-10-4 0:17:17,49497,49498,49499,49500,49501,49502,49503,49504
2054-10-4 14:02:14,49498,49499,49500,49501,49502,49503,49504,49505
2054-10-5 3:47:12,49499,49500,49501,49502,49503,49504,49505,49506
2054-10-5 17:32:11,49500,49501,49502,49503,49504,49505,49506,49507
2054-10-6 7:17:11,49501,49502,49503,49504,49505,49506,49507,49508
2054-10-6 21:02:12,49502,49503,49504,49505,49506,49507,49508,49509
2054-10-7 10:47:14,49503,49504,49505,49506,49507,49508,49509,49510
2054-10-8 0:32:17,49504,49505,49506,49507,49508,49509,49510,49511
2054-10-8 14:17:21,49505,49506,49507,49508,49509,49510,49511,49512
2054-10-9 4:02:26,49506,49507,49508,49509,49510,49511,49512,49513
2054-10-9 17:47:32,49507,49508,49509,49510,49511,49512,49513,49514
2054-10-10 7:32:39,49508,49509,49510,49511,49512,49513,49514,49515
2054-10-10 21:17:47,49509,49510,49511,49512,49513,49514,49515,49516
2054-10-11 11:02:56,49510,49511,49512,49513,49514,49515,49516,49517
2054-10-12 0:48:06,49511,49512,49513,49514,49515,49516,49517,49518
2054-10-12 14:33:17,49512,49513,49514,49515,49516,49517,49518,49519
2054-10-13 4:18:29,49513,49514,49515,49516,49517,49518,49519,49520
2054-10-13 18:03:42,49514,49515,49516,49517,49518,49519,49520,49521
2054-10-14 7:48:56,49515,49516,49517,49518,49519,49520,49521,49522
2054-10-14 21:34:11,49516,49517,49518,49519,49520,49521,49522,49523
2054-10-15 11:19:27,49517,49518,49519,49520,49521,49522,49523,49524
2054-10-16 1:04:44,49518,49519,49520,49521,49522,49523,49524,49525
2054-10-16 14:50:02,49519,49520,49521,49522,49523,49524,49525,49526
2054-10-17 4:35:21,49520,49521,49522,49523,49524,49525,49526,49527
2054-10-17 18:20:41,49521,49522,49523,49524,49525,49526,49527,49528
2054-10-18 8:06:02,49522,49523,49524,49525,49526,49527,49528,49529
2054-10-18 21:51:24,49523,49524,49525,49526,49527,49528,49529,49530
2054-10-19 11:36:47,49524,49525,49526,49527,49528,49529,49530,49531
2054-10-20 1:22:11,49525,49526,49527,49528,49529,49530,49531,49532
2054-10-20 15:07:36,49526,49527,49528,49529,49530,49531,49532,49533
2054-10-21 4:53:02,49527,49528,49529,49530,49531,49532,49533,49534
2054-10-21 18:38:29,49528,49529,49530,49531,49532,49533,49534,49535
2054-10-22 8:23:57,49529,49530,49531,49532,49533,49534,49535,49536
2054-10-22 22:09:26,49530,49531,49532,49533,49534,49535,49536,49537
2054-10-23 11:54:56,49531,49532,49533,49534,49535,49536,49537,49538
2054-10-24 1:40:27,49532,49533,49534,49535,49536,49537,49538,49539
2054-10-24 15:25:59,49533,49534,49535,49536,49537,49538,49539,49540
2054-10-25 5:11:32,49534,49535,49536,49537,49538,49539,49540,49541
2054-10-25 18:57:06,49535,49536,49537,49538,49539,49540,49541,49542
2054-10-26 8:42:41,49536,49537,49538,49539,49540,49541,49542,49543
2054-10-26 22:28:17,49537,49538,49539,49540,49541,49542,49543,49544
2054-10-27 12:13:54,49538,49539,49540,49541,49542,49543,49544,49545
2054-10-28 1:59:32,49539,49540,49541,49542,49543,49544,49545,49546
2054-10-28 15:45:11,49540,49541,49542,49543,49544,49545,49546,49547
2054-10-29 5:30:51,49541,49542,49543,49544,49545,49546,49547,49548
2054-10-29 19:16:32,49542,49543,49544,49545,49546,49547,49548,49549
2054-10-30 9:02:14,49543,49544,49545,49546,49547,49548,49549,49550
2054-10-30 22:47:57,49544,49545,49546,49547,49548,49549,49550,49551
2054-10-31 12:33:41,49545,49546,49547,49548,49549,49550,49551,49552
2054-11-1 2:19:26,49546,49547,49548,49549,49550,49551,49552,49553
2054-11-1 16:05:12,49547,49548,49549,49550,49551,49552,49553,49554
2054-11-2 5:50:59,49548,49549,49550,49551,49552,49553,49554,49555
2054-11-2 19:36:47,49549,49550,49551,49552,49553,49554,49555,49556
2054-11-3 9:22:36,49550,49551,49552,49553,49554,49555,49556,49557
2054-11-3 23:08:26,49551,49552,49553,49554,49555,49556,49557,49558
2054-11-4 12:54:17,49552,49553,49554,49555,49556,49557,49558,49559
2054-11-5 2:40:09,49553,49554,49555,49556,49557,49558,49559,49560
2054-11-5 16:26:02,49554,49555,49556,49557,49558,49559,49560,49561
2054-11-6 6:11:56,49555,49556,49557,49558,49559,49560,49561,49562
2054-11-6 19:57:51,49556,49557,49558,49559,49560,49561,49562,49563
2054-11-7 9:43:47,49557,49558,49559,49560,49561,49562,49563,49564
2054-11-7 23:29:44,49558,49559,49560,49561,49562,49563,49564,49565
2054-11-8 13:15:42,49559,49560,49561,49562,49563,49564,49565,49566
2054-11-9 3:01:41,49560,49561,49562,49563,49564,49565,49566,49567
2054-11-9 16:47:41,49561,49562,49563,49564,49565,49566,49567,49568
2054-11-10 6:33:42,49562,49563,49564,49565,49566,49567,49568,49569
2054-11-10 20:19:44,49563,49564,49565,49566,49567,49568,49569,49570
2054-11-11 10:05:47,49564,49565,49566,49567,49568,49569,49570,49571
2054-11-11 23:51:51,49565,49566,49567,49568,49569,49570,49571,49572
2054-11-12 13:37:56,49566,49567,49568,49569,49570,49571,49572,49573
2054-11-13 3:24:02,49567,49568,49569,49570,49571,49572,49573,49574
2054-11-13 17:10:09,49568,49569,49570,49571,49572,49573,49574,49575
2054-11-14 6:56:17,49569,49570,49571,49572,49573,49574,49575,49576
2054-11-14 20:42:26,49570,49571,49572,49573,49574,49575,49576,49577
2054-11-15 10:28:36,49571,49572,49573,49574,49575,49576,49577,49578
2054-11-16 0:14:47,49572,49573,49574,49575,49576,49577,49578,49579
2054-11-16 14:00:59,49573,49574,49575,49576,49577,49578,49579,49580
2054-11-17 3:47:12,49574,49575,49576,49577,49578,49579,49580,49581
2054-11-17 17:33:26,49575,49576,49577,49578,49579,49580,49581,49582
2054-11-18 7:19:41,49576,49577,49578,49579,49580,49581,49582,49583
2054-11-18 21:05:57,49577,49578,49579,49580,49581,49582,49583,49584
2054-11-19 10:52:14,49578,49579,49580,49581,49582,49583,49584,49585
2054-11-20 0:38:32,49579,49580,49581,49582,49583,49584,49585,49586
2054-11-20 14:24:51,49580,49581,49582,49583,49584,49585,49586,49587
2054-11-21 4:11:11,49581,49582,49583,49584,49585,49586,49587,49588
2054-11-21 17:57:32,49582,49583,49584,49585,49586,49587,49588,49589
2054-11-22 7:43:54,49583,49584,49585,49586,49587,49588,49589,49590
2054-11-22 21:30:17,49584,49585,49586,49587,49588,49589,49590,49591
2054-11-23 11:16:41,49585,49586,49587,49588,49589,49590,49591,49592
2054-11-24 1:03:06,49586,49587,49588,49589,49590,49591,49592,49593
2054-11-24 14:49:32,49587,49588,49589,49590,49591,49592,49593,49594
2054-11-25 4:35:59,49588,49589,49590,49591,49592,49593,49594,49595
2054-11-25 18:22:27,49589,49590,49591,49592,49593,49594,49595,49596
2054-11-26 8:08:56,49590,49591,49592,49593,49594,49595,49596,49597
2054-11-26 21:55:26,49591,49592,49593,49594,49595,49596,49597,49598
2054-11-27 11:41:57,49592,49593,49594,49595,49596,49597,49598,49599
2054-11-28 1:28:29,49593,49594,49595,49596,49597,49598,49599,49600
2054-11-28 15:15:02,49594,49595,49596,49597,49598,49599,49600,49601
2054-11-29 5:01:36,49595,49596,49597,49598,49599,49600,49601,49602
2054-11-29 18:48:11,49596,49597,49598,49599,49600,49601,49602,49603
2054-11-30 8:34:47,49597,49598,49599,49600,49601,49602,49603,49604
2054-11-30 22:21:24,49598,49599,49600,49601,49602,49603,49604,49605
2054-12-1 12:08:02,49599,49600,49601,49602,49603,49604,49605,49606
2054-12-2 1:54:41,49600,49601,49602,49603,49604,49605,49606,49607
2054-12-2 15:41:21,49601,49602,49603,49604,49605,49606,49607,49608
2054-12-3 5:28:02,49602,49603,49604,49605,49606,49607,49608,49609
2054-12-3 19:14:44,49603,49604,49605,49606,49607,49608,49609,49610
2054-12-4 9:01:27,49604,49605,49606,49607,49608,49609,49610,49611
2054-12-4 22:48:11,49605,49606,49607,49608,49609,49610,49611,49612
2054-12-5 12:34:56,49606,49607,49608,49609,49610,49611,49612,49613
2054-12-6 2:21:42,49607,49608,49609,49610,49611,49612,49613,49614
2054-12-6 16:08:29,49608,49609,49610,49611,49612,49613,49614,49615
2054-12-7 5:55:17,49609,49610,49611,49612,49613,49614,49615,49616
2054-12-7 19:42:06,49610,49611,49612,49613,49614,49615,49616,49617
2054-12-8 9:28:56,49611,49612,49613,49614,49615,49616,49617,49618
2054-12-8 23:15:47,49612,49613,49614,49615,49616,49617,49618,49619
2054-12-9 13:02:39,49613,49614,49615,49616,49617,49618,49619,49620
2054-12-10 2:49:32,49614,49615,49616,49617,49618,49619,49620,49621
2054-12-10 16:36:26,49615,49616,49617,49618,49619,49620,49621,49622
2054-12-11 6:23:21,49616,49617,49618,49619,49620,49621,49622,49623
2054-12-11 20:10:17,49617,49618,49619,49620,49621,49622,49623,49624
2054-12-12 9:57:14,49618,49619,49620,49621,49622,49623,49624,49625
2054-12-12 23:44:12,49619,49620,49621,49622,49623,49624,49625,49626
2054-12-13 13:31:11,49620,49621,49622,49623,49624,49625,49626,49627
2054-12-14 3:18:11,49621,49622,49623,49624,49625,49626,49627,49628
2054-12-14 17:05:12,49622,49623,49624,49625,49626,49627,49628,49629
2054-12-15 6:52:14,49623,49624,49625,49626,49627,49628,49629,49630
2054-12-15 20:39:17,49624,49625,49626,49627,49628,49629,49630,49631
2054-12-16 10:26:21,49625,49626,49627,49628,49629,49630,49631,49632
2054-12-17 0:13:26,49626,49627,49628,49629,49630,49631,49632,49633
2054-12-17 14:00:32,49627,49628,49629,49630,49631,49632,49633,49634
2054-12-18 3:47:39,49628,49629,49630,49631,49632,49633,49634,49635
2054-12-18 17:34:47,49629,49630,49631,49632,49633,49634,49635,49636
2054-12-19 7:21:56,49630,49631,49632,49633,49634,49635,49636,49637
2054-12-19 21:09:06,49631,49632,49633,49634,49635,49636,49637,49638
2054-12-20 10:56:17,49632,49633,49634,49635,49636,49637,49638,49639
2054-12-21 0:43:29,49633,49634,49635,49636,49637,49638,49639,49640
2054-12-21 14:30:42,49634,49635,49636,49637,49638,49639,49640,49641
2054-12-22 4:17:56,49635,49636,49637,49638,49639,49640,49641,49642
2054-12-22 18:05:11,49636,49637,49638,49639,49640,49641,49642,49643
2054-12-23 7:52:27,49637,49638,49639,49640,49641,49642,49643,49644
2054-12-23 21:39:44,49638,49639,49640,49641,49642,49643,49644,49645
2054-12-24 11:27:02,49639,49640,49641,49642,49643,49644,49645,49646
2054-12-25 1:14:21,49640,49641,49642,49643,49644,49645,49646,49647
2054-12-25 15:01:41,49641,49642,49643,49644,49645,49646,49647,49648
2054-12-26 4:49:02,49642,49643,49644,49645,49646,49647,49648,49649
2054-12-26 18:36:24,49643,49644,49645,49646,49647,49648,49649,49650
2054-12-27 8:23:47,49644,49645,49646,49647,49648,49649,49650,49651
2054-12-27 22:11:11,49645,49646,49647,49648,49649,49650,49651,49652
2054-12-28 11:58:36,49646,49647,49648,49649,49650,49651,49652,49653
2054-12-29 1:46:02,49647,49648,49649,49650,49651,49652,49653,49654
2054-12-29 15:33:29,49648,49649,49650,49651,49652,49653,49654,49655
2054-12-30 5:20:57,49649,49650,49651,49652,49653,49654,49655,49656
2054-12-30 19:08:26,49650,49651,49652,49653,49654,49655,49656,49657
2054-12-31 8:55:56,49651,49652,49653,49654,49655,49656,49657,49658
2054-12-31 22:43:27,49652,49653,49654,49655,49656,49657,49658,49659
2055-1-1 12:30:59,49653,49654,49655,49656,49657,49658,49659,49660
2055-1-2 2:18:32,49654,49655,49656,49657,49658,49659,49660,49661
2055-1-2 16:06:06,49655,49656,49657,49658,49659,49660,49661,49662
2055-1-3 5:53:41,49656,49657,49658,49659,49660,49661,49662,49663
2055-1-3 19:41:17,49657,49658,49659,49660,49661,49662,49663,49664
2055-1-4 9:28:54,49658,49659,49660,49661,49662,49663,49664,49665
2055-1-4 23:16:32,49659,49660,49661,49662,49663,49664,49665,49666
2055-1-5 13:04:11,49660,49661,49662,49663,49664,49665,49666,49667
2055-1-6 2:51:51,49661,49662,49663,49664,49665,49666,49667,49668
2055-1-6 16:39:32,49662,49663,49664,49665,49666,49667,49668,49669
2055-1-7 6:27:14,49663,49664,49665,49666,49667,49668,49669,49670
2055-1-7 20:14:57,49664,49665,49666,49667,49668,49669,49670,49671
2055-1-8 10:02:41,49665,49666,49667,49668,49669,49670,49671,49672
2055-1-8 23:50:26,49666,49667,49668,49669,49670,49671,49672,49673
2055-1-9 13:38:12,49667,49668,49669,49670,49671,49672,49673,49674
2055-1-10 3:25:59,49668,49669,49670,49671,49672,49673,49674,49675
2055-1-10 17:13:47,49669,49670,49671,49672,49673,49674,49675,49676
2055-1-11 7:01:36,49670,49671,49672,49673,49674,49675,49676,49677
2055-1-11 20:49:26,49671,49672,49673,49674,49675,49676,49677,49678
2055-1-12 10:37:17,49672,49673,49674,49675,49676,49677,49678,49679
2055-1-13 0:25:09,49673,49674,49675,49676,49677,49678,49679,49680
2055-1-13 14:13:02,49674,49675,49676,49677,49678,49679,49680,49681
2055-1-14 4:00:56,49675,49676,49677,49678,49679,49680,49681,49682
2055-1-14 17:48:51,49676,49677,49678,49679,49680,49681,49682,49683
2055-1-15 7:36:47,49677,49678,49679,49680,49681,49682,49683,49684
2055-1-15 21:24:44,49678,49679,49680,49681,49682,49683,49684,49685
2055-1-16 11:12:42,49679,49680,49681,49682,49683,49684,49685,49686
2055-1-17 1:00:41,49680,49681,49682,49683,49684,49685,49686,49687
2055-1-17 14:48:41,49681,49682,49683,49684,49685,49686,49687,49688
2055-1-18 4:36:42,49682,49683,49684,49685,49686,49687,49688,49689
2055-1-18 18:24:44,49683,49684,49685,49686,49687,49688,49689,49690
2055-1-19 8:12:47,49684,49685,49686,49687,49688,49689,49690,49691
2055-1-19 22:00:51,49685,49686,49687,49688,49689,49690,49691,49692
2055-1-20 11:48:56,49686,49687,49688,49689,49690,49691,49692,49693
2055-1-21 1:37:02,49687,49688,49689,49690,49691,49692,49693,49694
2055-1-21 15:25:09,49688,49689,49690,49691,49692,49693,49694,49695
2055-1-22 5:13:17,49689,49690,49691,49692,49693,49694,49695,49696
2055-1-22 19:01:26,49690,49691,49692,49693,49694,49695,49696,49697
2055-1-23 8:49:36,49691,49692,49693,49694,49695,49696,49697,49698
2055-1-23 22:37:47,49692,49693,49694,49695,49696,49697,49698,49699
2055-1-24 12:25:59,49693,49694,49695,49696,49697,49698,49699,49700
2055-1-25 2:14:12,49694,49695,49696,49697,49698,49699,49700,49701
2055-1-25 16:02:26,49695,49696,49697,49698,49699,49700,49701,49702
2055-1-26 5:50:41,49696,49697,49698,49699,49700,49701,49702,49703
2055-1-26 19:38:57,49697,49698,49699,49700,49701,49702,49703,49704
2055-1-27 9:27:14,49698,49699,49700,49701,49702,49703,49704,49705
2055-1-27 23:15:32,49699,49700,49701,49702,49703,49704,49705,49706
2055-1-28 13:03:51,49700,49701,49702,49703,49704,49705,49706,49707
2055-1-29 2:52:11,49701,49702,49703,49704,49705,49706,49707,49708
2055-1-29 16:40:32,49702,49703,49704,49705,49706,49707,49708,49709
2055-1-30 6:28:54,49703,49704,49705,49706,49707,49708,49709,49710
2055-1-30 20:17:17,49704,49705,49706,49707,49708,49709,49710,49711
2055-1-31 10:05:41,49705,49706,49707,49708,49709,49710,49711,49712
2055-1-31 23:54:06,49706,49707,49708,49709,49710,49711,49712,49713
2055-2-1 13:42:32,49707,49708,49709,49710,49711,49712,49713,49714
2055-2-2 3:30:59,49708,49709,49710,49711,49712,49713,49714,49715
2055-2-2 17:19:27,49709,49710,49711,49712,49713,49714,49715,49716
2055-2-3 7:07:56,49710,49711,49712,49713,49714,49715,49716,49717
2055-2-3 20:56:26,49711,49712,49713,49714,49715,49716,49717,49718
2055-2-4 10:44:57,49712,49713,49714,49715,49716,49717,49718,49719
2055-2-5 0:33:29,49713,49714,49715,49716,49717,49718,49719,49720
2055-2-5 14:22:02,49714,49715,49716,49717,49718,49719,49720,49721
2055-2-6 4:10:36,49715,49716,49717,49718,49719,49720,49721,49722
2055-2-6 17:59:11,49716,49717,49718,49719,49720,49721,49722,49723
2055-2-7 7:47:47,49717,49718,49719,49720,49721,49722,49723,49724
2055-2-7 21:36:24,49718,49719,49720,49721,49722,49723,49724,49725
2055-2-8 11:25:02,49719,49720,49721,49722,49723,49724,49725,49726
2055-2-9 1:13:41,49720,49721,49722,49723,49724,49725,49726,49727
2055-2-9 15:02:21,49721,49722,49723,49724,49725,49726,49727,49728
2055-2-10 4:51:02,49722,49723,49724,49725,49726,49727,49728,49729
2055-2-10 18:39:44,49723,49724,49725,49726,49727,49728,49729,49730
2055-2-11 8:28:27,49724,49725,49726,49727,49728,49729,49730,49731
2055-2-11 22:17:11,49725,49726,49727,49728,49729,49730,49731,49732
2055-2-12 12:05:56,49726,49727,49728,49729,49730,49731,49732,49733
2055-2-13 1:54:42,49727,49728,49729,49730,49731,49732,49733,49734
2055-2-13 15:43:29,49728,49729,49730,49731,49732,49733,49734,49735
2055-2-14 5:32:17,49729,49730,49731,49732,49733,49734,49735,49736
2055-2-14 19:21:06,49730,49731,49732,49733,49734,49735,49736,49737
2055-2-15 9:09:56,49731,49732,49733,49734,49735,49736,49737,49738
2055-2-15 22:58:47,49732,49733,49734,49735,49736,49737,49738,49739
2055-2-16 12:47:39,49733,49734,49735,49736,49737,49738,49739,49740
2055-2-17 2:36:32,49734,49735,49736,49737,49738,49739,49740,49741
2055-2-17 16:25:26,49735,49736,49737,49738,49739,49740,49741,49742
2055-2-18 6:14:21,49736,49737,49738,49739,49740,49741,49742,49743
2055-2-18 20:03:17,49737,49738,49739,49740,49741,49742,49743,49744
2055-2-19 9:52:14,49738,49739,49740,49741,49742,49743,49744,49745
2055-2-19 23:41:12,49739,49740,49741,49742,49743,49744,49745,49746
2055-2-20 13:30:11,49740,49741,49742,49743,49744,49745,49746,49747
2055-2-21 3:19:11,49741,49742,49743,49744,49745,49746,49747,49748
2055-2-21 17:08:12,49742,49743,49744,49745,49746,49747,49748,49749
2055-2-22 6:57:14,49743,49744,49745,49746,49747,49748,49749,49750
2055-2-22 20:46:17,49744,49745,49746,49747,49748,49749,49750,49751
2055-2-23 10:35:21,49745,49746,49747,49748,49749,49750,49751,49752
2055-2-24 0:24:26,49746,49747,49748,49749,49750,49751,49752,49753
2055-2-24 14:13:32,49747,49748,49749,49750,49751,49752,49753,49754
2055-2-25 4:02:39,49748,49749,49750,49751,49752,49753,49754,49755
2055-2-25 17:51:47,49749,49750,49751,49752,49753,49754,49755,49756
2055-2-26 7:40:56,49750,49751,49752,49753,49754,49755,49756,49757
2055-2-26 21:30:06,49751,49752,49753,49754,49755,49756,49757,49758
2055-2-27 11:19:17,49752,49753,49754,49755,49756,49757,49758,49759
2055-2-28 1:08:29,49753,49754,49755,49756,49757,49758,49759,49760
2055-2-28 14:57:42,49754,49755,49756,49757,49758,49759,49760,49761
2055-3-1 4:46:56,49755,49756,49757,49758,49759,49760,49761,49762
2055-3-1 18:36:11,49756,49757,49758,49759,49760,49761,49762,49763
2055-3-2 8:25:27,49757,49758,49759,49760,49761,49762,49763,49764
2055-3-2 22:14:44,49758,49759,49760,49761,49762,49763,49764,49765
2055-3-3 12:04:02,49759,49760,49761,49762,49763,49764,49765,49766
2055-3-4 1:53:21,49760,49761,49762,49763,49764,49765,49766,49767
2055-3-4 15:42:41,49761,49762,49763,49764,49765,49766,49767,49768
2055-3-5 5:32:02,49762,49763,49764,49765,49766,49767,49768,49769
2055-3-5 19:21:24,49763,49764,49765,49766,49767,49768,49769,49770
2055-3-6 9:10:47,49764,49765,49766,49767,49768,49769,49770,49771
2055-3-6 23:00:11,49765,49766,49767,49768,49769,49770,49771,49772
2055-3-7 12:49:36,49766,49767,49768,49769,49770,49771,49772,49773
2055-3-8 2:39:02,49767,49768,49769,49770,49771,49772,49773,49774
2055-3-8 16:28:29,49768,49769,49770,49771,49772,49773,49774,49775
2055-3-9 6:17:57,49769,49770,49771,49772,49773,49774,49775,49776
2055-3-9 20:07:26,49770,49771,49772,49773,49774,49775,49776,49777
2055-3-10 9:56:56,49771,49772,49773,49774,49775,49776,49777,49778
2055-3-10 23:46:27,49772,49773,49774,49775,49776,49777,49778,49779
2055-3-11 13:35:59,49773,49774,49775,49776,49777,49778,49779,49780
2055-3-12 3:25:32,49774,49775,49776,49777,49778,49779,49780,49781
2055-3-12 17:15:06,49775,49776,49777,49778,49779,49780,49781,49782
2055-3-13 7:04:41,49776,49777,49778,49779,49780,49781,49782,49783
2055-3-13 20:54:17,49777,49778,49779,49780,49781,49782,49783,49784
2055-3-14 10:43:54,49778,49779,49780,49781,49782,49783,49784,49785
2055-3-15 0:33:32,49779,49780,49781,49782,49783,49784,49785,49786
2055-3-15 14:23:11,49780,49781,49782,49783,49784,49785,49786,49787
2055-3-16 4:12:51,49781,49782,49783,49784,49785,49786,49787,49788
2055-3-16 18:02:32,49782,49783,49784,49785,49786,49787,49788,49789
2055-3-17 7:52:14,49783,49784,49785,49786,49787,49788,49789,49790
2055-3-17 21:41:57,49784,49785,49786,49787,49788,49789,49790,49791
2055-3-18 11:31:41,49785,49786,49787,49788,49789,49790,49791,49792
2055-3-19 1:21:26,49786,49787,49788,49789,49790,49791,49792,49793
2055-3-19 15:11:12,49787,49788,49789,49790,49791,49792,49793,49794
2055-3-20 5:00:59,49788,49789,49790,49791,49792,49793,49794,49795
2055-3-20 18:50:47,49789,49790,49791,49792,49793,49794,49795,49796
2055-3-21 8:40:36,49790,49791,49792,49793,49794,49795,49796,49797
2055-3-21 22:30:26,49791,49792,49793,49794,49795,49796,49797,49798
2055-3-22 12:20:17,49792,49793,49794,49795,49796,49797,49798,49799
2055-3-23 2:10:09,49793,49794,49795,49796,49797,49798,49799,49800
2055-3-23 16:00:02,49794,49795,49796,49797,49798,49799,49800,49801
2055-3-24 5:49:56,49795,49796,49797,49798,49799,49800,49801,49802
2055-3-24 19:39:51,49796,49797,49798,49799,49800,49801,49802,49803
2055-3-25 9:29:47,49797,49798,49799,49800,49801,49802,49803,49804
2055-3-25 23:19:44,49798,49799,49800,49801,49802,49803,49804,49805
2055-3-26 13:09:42,49799,49800,49801,49802,49803,49804,49805,49806
2055-3-27 2:59:41,49800,49801,49802,49803,49804,49805,49806,49807
2055-3-27 16:49:41,49801,49802,49803,49804,49805,49806,49807,49808
2055-3-28 6:39:42,49802,49803,49804,49805,49806,49807,49808,49809
2055-3-28 20:29:44,49803,49804,49805,49806,49807,49808,49809,49810
2055-3-29 10:19:47,49804,49805,49806,49807,49808,49809,49810,49811
2055-3-30 0:09:51,49805,49806,49807,49808,49809,49810,49811,49812
2055-3-30 13:59:56,49806,49807,49808,49809,49810,49811,49812,49813
2055-3-31 3:50:02,49807,49808,49809,49810,49811,49812,49813,49814
2055-3-31 17:40:09,49808,49809,49810,49811,49812,49813,49814,49815
2055-4-1 7:30:17,49809,49810,49811,49812,49813,49814,49815,49816
2055-4-1 21:20:26,49810,49811,49812,49813,49814,49815,49816,49817
2055-4-2 11:10:36,49811,49812,49813,49814,49815,49816,49817,49818
2055-4-3 1:00:47,49812,49813,49814,49815,49816,49817,49818,49819
2055-4-3 14:50:59,49813,49814,49815,49816,49817,49818,49819,49820
2055-4-4 4:41:12,49814,49815,49816,49817,49818,49819,49820,49821
2055-4-4 18:31:26,49815,49816,49817,49818,49819,49820,49821,49822
2055-4-5 8:21:41,49816,49817,49818,49819,49820,49821,49822,49823
2055-4-5 22:11:57,49817,49818,49819,49820,49821,49822,49823,49824
2055-4-6 12:02:14,49818,49819,49820,49821,49822,49823,49824,49825
2055-4-7 1:52:32,49819,49820,49821,49822,49823,49824,49825,49826
2055-4-7 15:42:51,49820,49821,49822,49823,49824,49825,49826,49827
2055-4-8 5:33:11,49821,49822,49823,49824,49825,49826,49827,49828
2055-4-8 19:23:32,49822,49823,49824,49825,49826,49827,49828,49829
2055-4-9 9:13:54,49823,49824,49825,49826,49827,49828,49829,49830
2055-4-9 23:04:17,49824,49825,49826,49827,49828,49829,49830,49831
2055-4-10 12:54:41,49825,49826,49827,49828,49829,49830,49831,49832
2055-4-11 2:45:06,49826,49827,49828,49829,49830,49831,49832,49833
2055-4-11 16:35:32,49827,49828,49829,49830,49831,49832,49833,49834
2055-4-12 6:25:59,49828,49829,49830,49831,49832,49833,49834,49835
2055-4-12 20:16:27,49829,49830,49831,49832,49833,49834,49835,49836
2055-4-13 10:06:56,49830,49831,49832,49833,49834,49835,49836,49837
2055-4-13 23:57:26,49831,49832,49833,49834,49835,49836,49837,49838
2055-4-14 13:47:57,49832,49833,49834,49835,49836,49837,49838,49839
2055-4-15 3:38:29,49833,49834,49835,49836,49837,49838,49839,49840
2055-4-15 17:29:02,49834,49835,49836,49837,49838,49839,49840,49841
2055-4-16 7:19:36,49835,49836,49837,49838,49839,49840,49841,49842
2055-4-16 21:10:11,49836,49837,49838,49839,49840,49841,49842,49843
2055-4-17 11:00:47,49837,49838,49839,49840,49841,49842,49843,49844
2055-4-18 0:51:24,49838,49839,49840,49841,49842,49843,49844,49845
2055-4-18 14:42:02,49839,49840,49841,49842,49843,49844,49845,49846
2055-4-19 4:32:41,49840,49841,49842,49843,49844,49845,49846,49847
2055-4-19 18:23:21,49841,49842,49843,49844,49845,49846,49847,49848
2055-4-20 8:14:02,49842,49843,49844,49845,49846,49847,49848,49849
2055-4-20 22:04:44,49843,49844,49845,49846,49847,49848,49849,49850
2055-4-21 11:55:27,49844,49845,49846,49847,49848,49849,49850,49851
2055-4-22 1:46:11,49845,49846,49847,49848,49849,49850,49851,49852
2055-4-22 15:36:56,49846,49847,49848,49849,49850,49851,49852,49853
2055-4-23 5:27:42,49847,49848,49849,49850,49851,49852,49853,49854
2055-4-23 19:18:29,49848,49849,49850,49851,49852,49853,49854,49855
2055-4-24 9:09:17,49849,49850,49851,49852,49853,49854,49855,49856
2055-4-24 23:00:06,49850,49851,49852,49853,49854,49855,49856,49857
2055-4-25 12:50:56,49851,49852,49853,49854,49855,49856,49857,49858
2055-4-26 2:41:47,49852,49853,49854,49855,49856,49857,49858,49859
2055-4-26 16:32:39,49853,49854,49855,49856,49857,49858,49859,49860
2055-4-27 6:23:32,49854,49855,49856,49857,49858,49859,49860,49861
2055-4-27 20:14:26,49855,49856,49857,49858,49859,49860,49861,49862
2055-4-28 10:05:21,49856,49857,49858,49859,49860,49861,49862,49863
2055-4-28 23:56:17,49857,49858,49859,49860,49861,49862,49863,49864
2055-4-29 13:47:14,49858,49859,49860,49861,49862,49863,49864,49865
2055-4-30 3:38:12,49859,49860,49861,49862,49863,49864,49865,49866
2055-4-30 17:29:11,49860,49861,49862,49863,49864,49865,49866,49867
2055-5-1 7:20:11,49861,49862,49863,49864,49865,49866,49867,49868
2055-5-1 21:11:12,49862,49863,49864,49865,49866,49867,49868,49869
2055-5-2 11:02:14,49863,49864,49865,49866,49867,49868,49869,49870
2055-5-3 0:53:17,49864,49865,49866,49867,49868,49869,49870,49871
2055-5-3 14:44:21,49865,49866,49867,49868,49869,49870,49871,49872
2055-5-4 4:35:26,49866,49867,49868,49869,49870,49871,49872,49873
2055-5-4 18:26:32,49867,49868,49869,49870,49871,49872,49873,49874
2055-5-5 8:17:39,49868,49869,49870,49871,49872,49873,49874,49875
2055-5-5 22:08:47,49869,49870,49871,49872,49873,49874,49875,49876
2055-5-6 11:59:56,49870,49871,49872,49873,49874,49875,49876,49877
2055-5-7 1:51:06,49871,49872,49873,49874,49875,49876,49877,49878
2055-5-7 15:42:17,49872,49873,49874,49875,49876,49877,49878,49879
2055-5-8 5:33:29,49873,49874,49875,49876,49877,49878,49879,49880
2055-5-8 19:24:42,49874,49875,49876,49877,49878,49879,49880,49881
2055-5-9 9:15:56,49875,49876,49877,49878,49879,49880,49881,49882
2055-5-9 23:07:11,49876,49877,49878,49879,49880,49881,49882,49883
2055-5-10 12:58:27,49877,49878,49879,49880,49881,49882,49883,49884
2055-5-11 2:49:44,49878,49879,49880,49881,49882,49883,49884,49885
2055-5-11 16:41:02,49879,49880,49881,49882,49883,49884,49885,49886
2055-5-12 6:32:21,49880,49881,49882,49883,49884,49885,49886,49887
2055-5-12 20:23:41,49881,49882,49883,49884,49885,49886,49887,49888
2055-5-13 10:15:02,49882,49883,49884,49885,49886,49887,49888,49889
2055-5-14 0:06:24,49883,49884,49885,49886,49887,49888,49889,49890
2055-5-14 13:57:47,49884,49885,49886,49887,49888,49889,49890,49891
2055-5-15 3:49:11,49885,49886,49887,49888,49889,49890,49891,49892
2055-5-15 17:40:36,49886,49887,49888,49889,49890,49891,49892,49893
2055-5-16 7:32:02,49887,49888,49889,49890,49891,49892,49893,49894
2055-5-16 21:23:29,49888,49889,49890,49891,49892,49893,49894,49895
2055-5-17 11:14:57,49889,49890,49891,49892,49893,49894,49895,49896
2055-5-18 1:06:26,49890,49891,49892,49893,49894,49895,49896,49897
2055-5-18 14:57:56,49891,49892,49893,49894,49895,49896,49897,49898
2055-5-19 4:49:27,49892,49893,49894,49895,49896,49897,49898,49899
2055-5-19 18:40:59,49893,49894,49895,49896,49897,49898,49899,49900
2055-5-20 8:32:32,49894,49895,49896,49897,49898,49899,49900,49901
2055-5-20 22:24:06,49895,49896,49897,49898,49899,49900,49901,49902
2055-5-21 12:15:41,49896,49897,49898,49899,49900,49901,49902,49903
2055-5-22 2:07:17,49897,49898,49899,49900,49901,49902,49903,49904
2055-5-22 15:58:54,49898,49899,49900,49901,49902,49903,49904,49905
2055-5-23 5:50:32,49899,49900,49901,49902,49903,49904,49905,49906
2055-5-23 19:42:11,49900,49901,49902,49903,49904,49905,49906,49907
2055-5-24 9:33:51,49901,49902,49903,49904,49905,49906,49907,49908
2055-5-24 23:25:32,49902,49903,49904,49905,49906,49907,49908,49909
2055-5-25 13:17:14,49903,49904,49905,49906,49907,49908,49909,49910
2055-5-26 3:08:57,49904,49905,49906,49907,49908,49909,49910,49911
2055-5-26 17:00:41,49905,49906,49907,49908,49909,49910,49911,49912
2055-5-27 6:52:26,49906,49907,49908,49909,49910,49911,49912,49913
2055-5-27 20:44:12,49907,49908,49909,49910,49911,49912,49913,49914
2055-5-28 10:35:59,49908,49909,49910,49911,49912,49913,49914,49915
2055-5-29 0:27:47,49909,49910,49911,49912,49913,49914,49915,49916
2055-5-29 14:19:36,49910,49911,49912,49913,49914,49915,49916,49917
2055-5-30 4:11:26,49911,49912,49913,49914,49915,49916,49917,49918
2055-5-30 18:03:17,49912,49913,49914,49915,49916,49917,49918,49919
2055-5-31 7:55:09,49913,49914,49915,49916,49917,49918,49919,49920
2055-5-31 21:47:02,49914,49915,49916,49917,49918,49919,49920,49921
2055-6-1 11:38:56,49915,49916,49917,49918,49919,49920,49921,49922
2055-6-2 1:30:51,49916,49917,49918,49919,49920,49921,49922,49923
2055-6-2 15:22:47,49917,49918,49919,49920,49921,49922,49923,49924
2055-6-3 5:14:44,49918,49919,49920,49921,49922,49923,49924,49925
2055-6-3 19:06:42,49919,49920,49921,49922,49923,49924,49925,49926
2055-6-4 8:58:41,49920,49921,49922,49923,49924,49925,49926,49927
2055-6-4 22:50:41,49921,49922,49923,49924,49925,49926,49927,49928
2055-6-5 12:42:42,49922,49923,49924,49925,49926,49927,49928,49929
2055-6-6 2:34:44,49923,49924,49925,49926,49927,49928,49929,49930
2055-6-6 16:26:47,49924,49925,49926,49927,49928,49929,49930,49931
2055-6-7 6:18:51,49925,49926,49927,49928,49929,49930,49931,49932
2055-6-7 20:10:56,49926,49927,49928,49929,49930,49931,49932,49933
2055-6-8 10:03:02,49927,49928,49929,49930,49931,49932,49933,49934
2055-6-8 23:55:09,49928,49929,49930,49931,49932,49933,49934,49935
2055-6-9 13:47:17,49929,49930,49931,49932,49933,49934,49935,49936
2055-6-10 3:39:26,49930,49931,49932,49933,49934,49935,49936,49937
2055-6-10 17:31:36,49931,49932,49933,49934,49935,49936,49937,49938
2055-6-11 7:23:47,49932,49933,49934,49935,49936,49937,49938,49939
2055-6-11 21:15:59,49933,49934,49935,49936,49937,49938,49939,49940
2055-6-12 11:08:12,49934,49935,49936,49937,49938,49939,49940,49941
2055-6-13 1:00:26,49935,49936,49937,49938,49939,49940,49941,49942
2055-6-13 14:52:41,49936,49937,49938,49939,49940,49941,49942,49943
2055-6-14 4:44:57,49937,49938,49939,49940,49941,49942,49943,49944
2055-6-14 18:37:14,49938,49939,49940,49941,49942,49943,49944,49945
2055-6-15 8:29:32,49939,49940,49941,49942,49943,49944,49945,49946
2055-6-15 22:21:51,49940,49941,49942,49943,49944,49945,49946,49947
2055-6-16 12:14:11,49941,49942,49943,49944,49945,49946,49947,49948
2055-6-17 2:06:32,49942,49943,49944,49945,49946,49947,49948,49949
2055-6-17 15:58:54,49943,49944,49945,49946,49947,49948,49949,49950
2055-6-18 5:51:17,49944,49945,49946,49947,49948,49949,49950,49951
2055-6-18 19:43:41,49945,49946,49947,49948,49949,49950,49951,49952
2055-6-19 9:36:06,49946,49947,49948,49949,49950,49951,49952,49953
2055-6-19 23:28:32,49947,49948,49949,49950,49951,49952,49953,49954
2055-6-20 13:20:59,49948,49949,49950,49951,49952,49953,49954,49955
2055-6-21 3:13:27,49949,49950,49951,49952,49953,49954,49955,49956
2055-6-21 17:05:56,49950,49951,49952,49953,49954,49955,49956,49957
2055-6-22 6:58:26,49951,49952,49953,49954,49955,49956,49957,49958
2055-6-22 20:50:57,49952,49953,49954,49955,49956,49957,49958,49959
2055-6-23 10:43:29,49953,49954,49955,49956,49957,49958,49959,49960
2055-6-24 0:36:02,49954,49955,49956,49957,49958,49959,49960,49961
2055-6-24 14:28:36,49955,49956,49957,49958,49959,49960,49961,49962
2055-6-25 4:21:11,49956,49957,49958,49959,49960,49961,49962,49963
2055-6-25 18:13:47,49957,49958,49959,49960,49961,49962,49963,49964
2055-6-26 8:06:24,49958,49959,49960,49961,49962,49963,49964,49965
2055-6-26 21:59:02,49959,49960,49961,49962,49963,49964,49965,49966
2055-6-27 11:51:41,49960,49961,49962,49963,49964,49965,49966,49967
2055-6-28 1:44:21,49961,49962,49963,49964,49965,49966,49967,49968
2055-6-28 15:37:02,49962,49963,49964,49965,49966,49967,49968,49969
2055-6-29 5:29:44,49963,49964,49965,49966,49967,49968,49969,49970
2055-6-29 19:22:27,49964,49965,49966,49967,49968,49969,49970,49971
2055-6-30 9:15:11,49965,49966,49967,49968,49969,49970,49971,49972
2055-6-30 23:07:56,49966,49967,49968,49969,49970,49971,49972,49973
2055-7-1 13:00:42,49967,49968,49969,49970,49971,49972,49973,49974
2055-7-2 2:53:29,49968,49969,49970,49971,49972,49973,49974,49975
2055-7-2 16:46:17,49969,49970,49971,49972,49973,49974,49975,49976
2055-7-3 6:39:06,49970,49971,49972,49973,49974,49975,49976,49977
2055-7-3 20:31:56,49971,49972,49973,49974,49975,49976,49977,49978
2055-7-4 10:24:47,49972,49973,49974,49975,49976,49977,49978,49979
2055-7-5 0:17:39,49973,49974,49975,49976,49977,49978,49979,49980
2055-7-5 14:10:32,49974,49975,49976,49977,49978,49979,49980,49981
2055-7-6 4:03:26,49975,49976,49977,49978,49979,49980,49981,49982
2055-7-6 17:56:21,49976,49977,49978,49979,49980,49981,49982,49983
2055-7-7 7:49:17,49977,49978,49979,49980,49981,49982,49983,49984
2055-7-7 21:42:14,49978,49979,49980,49981,49982,49983,49984,49985
2055-7-8 11:35:12,49979,49980,49981,49982,49983,49984,49985,49986
2055-7-9 1:28:11,49980,49981,49982,49983,49984,49985,49986,49987
2055-7-9 15:21:11,49981,49982,49983,49984,49985,49986,49987,49988
2055-7-10 5:14:12,49982,49983,49984,49985,49986,49987,49988,49989
2055-7-10 19:07:14,49983,49984,49985,49986,49987,49988,49989,49990
2055-7-11 9:00:17,49984,49985,49986,49987,49988,49989,49990,49991
2055-7-11 22:53:21,49985,49986,49987,49988,49989,49990,49991,49992
2055-7-12 12:46:26,49986,49987,49988,49989,49990,49991,49992,49993
2055-7-13 2:39:32,49987,49988,49989,49990,49991,49992,49993,49994
2055-7-13 16:32:39,49988,49989,49990,49991,49992,49993,49994,49995
2055-7-14 6:25:47,49989,49990,49991,49992,49993,49994,49995,49996
2055-7-14 20:18:56,49990,49991,49992,49993,49994,49995,49996,49997
2055-7-15 10:12:06,49991,49992,49993,49994,49995,49996,49997,49998
2055-7-16 0:05:17,49992,49993,49994,49995,49996,49997,49998,49999
2055-7-16 13:58:29,49993,49994,49995,49996,49997,49998,49999,50000
2055-7-17 3:51:42,49994,49995,49996,49997,49998,49999,50000,50001
2055-7-17 17:44:56,49995,49996,49997,49998,49999,50000,50001,50002
2055-7-18 7:38:11,49996,49997,49998,49999,50000,50001,50002,50003
2055-7-18 21:31:27,49997,49998,49999,50000,50001,50002,50003,50004
2055-7-19 11:24:44,49998,49999,50000,50001,50002,50003,50004,50005
2055-7-20 1:18:02,49999,50000,50001,50002,50003,50004,50005,50006
2055-7-20 15:11:21,50000,50001,50002,50003,50004,50005,50006,50007
2055-7-21 5:04:41,50001,50002,50003,50004,50005,50006,50007,50008
